08.358 2603 078.2 000.03
08.358 2603 078.2 000.12
08.358 2603 078.2 000.20
08.717 2622 078.3 000.29
08.717 2622 078.3 000.37
08.717 2622 078.3 000.46
08.717 2622 078.3 000.54
08.717 2622 078.3 000.62
08.717 2622 078.3 000.70
08.717 2622 078.3 000.79
08.264 2622 078.0 000.88
08.264 2622 078.0 000.97
08.264 2622 078.0 001.07
08.264 2622 078.0 001.16
08.264 2622 078.0 001.25
08.264 2622 078.0 001.34
08.264 2622 078.0 001.43
08.45 2603 078.0 001.51
08.45 2603 078.0 001.60
08.45 2603 078.0 001.68
08.45 2603 078.0 001.77
08.45 2603 078.0 001.85
08.45 2603 078.0 001.94
08.45 2603 078.0 002.02
08.377 2603 078.1 002.10
08.377 2603 078.1 002.18
08.377 2603 078.1 002.28
08.377 2603 078.1 002.38
08.377 2603 078.1 002.46
08.377 2603 078.1 002.54
08.377 2603 078.1 002.64
08.278 2622 078.1 002.72
08.278 2622 078.1 002.81
08.278 2622 078.1 002.89
08.278 2622 078.1 002.97
08.278 2622 078.1 003.06
08.278 2622 078.1 003.15
08.179 2622 078.1 003.24
08.179 2622 077.8 003.33
08.179 2622 077.8 003.41
08.179 2622 077.8 003.49
08.179 2622 077.8 003.59
08.179 2622 077.8 003.68
08.179 2622 077.8 003.78
08.434 2603 077.5 003.87
08.434 2603 077.5 003.96
08.434 2603 077.5 004.05
08.434 2603 077.5 004.15
08.434 2603 077.5 004.24
08.434 2603 077.5 004.32
08.434 2603 077.5 004.40
08.72 2603 077.5 004.49
08.72 2603 077.5 004.59
08.72 2603 077.5 004.67
08.72 2603 077.5 004.75
08.72 2603 077.5 004.86
08.72 2603 077.5 004.94
08.72 2603 077.5 005.04
08.806 2603 077.4 005.12
08.806 2603 077.4 005.20
08.806 2603 077.4 005.28
08.806 2603 077.4 005.36
08.806 2603 077.4 005.45
08.806 2603 077.4 005.55
08.806 2603 077.4 005.64
08.989 2584 077.3 005.73
08.989 2584 077.3 005.81
08.989 2584 077.3 005.89
08.989 2584 077.3 005.97
08.989 2584 077.3 006.06
08.989 2584 077.3 006.16
09.163 2584 077.3 006.24
09.163 2584 077.3 006.32
09.163 2584 077.3 006.40
09.163 2584 077.3 006.49
09.163 2584 077.3 006.58
09.163 2584 077.3 006.67
09.163 2584 077.3 006.76
09.046 2584 077.3 006.84
09.046 2584 076.9 006.92
09.046 2584 076.9 007.02
09.046 2584 076.9 007.10
09.046 2584 076.9 007.18
09.046 2584 076.9 007.27
09.046 2584 076.9 007.38
08.962 2584 076.9 007.46
08.962 2584 076.8 007.54
08.962 2584 076.8 007.62
08.962 2584 076.8 007.70
08.962 2584 076.8 007.78
08.962 2584 076.8 007.86
08.962 2584 076.8 007.95
08.962 2584 076.8 008.04
09.066 2584 076.6 008.12
09.066 2584 076.6 008.20
09.066 2584 076.6 008.28
09.066 2584 076.6 008.36
09.066 2584 076.6 008.44
09.066 2584 076.6 008.52
09.066 2584 076.6 008.62
09.479 2584 076.5 008.70
09.479 2584 076.5 008.78
09.479 2584 076.5 008.87
09.479 2584 076.5 008.95
09.479 2584 076.5 009.03
09.479 2584 076.5 009.12
09.479 2584 076.5 009.19
09.542 2603 076.5 009.28
09.542 2603 076.5 009.37
09.542 2603 076.5 009.45
09.542 2603 076.5 009.53
09.542 2603 076.5 009.61
09.542 2603 076.5 009.70
09.542 2603 076.5 009.78
09.281 2584 076.3 009.87
09.281 2584 076.3 009.96
09.281 2584 076.3 010.06
09.281 2584 076.3 010.14
09.281 2584 076.3 010.22
09.281 2584 076.3 010.30
09.281 2584 076.3 010.38
09.281 2584 076.3 010.46
09.119 2603 076.4 010.55
09.119 2603 076.4 010.63
09.119 2603 076.4 010.72
09.119 2603 076.4 010.81
09.119 2603 076.4 010.89
09.119 2603 076.4 010.97
09.119 2603 076.4 011.07
08.863 2584 076.1 011.16
08.863 2584 076.1 011.25
08.863 2584 076.1 011.33
08.863 2584 076.1 011.41
08.863 2584 076.1 011.51
08.863 2584 076.1 011.59
09.095 2603 076.1 011.68
09.095 2603 076.1 011.76
09.095 2603 076.1 011.86
09.095 2603 076.1 011.94
09.095 2603 076.1 012.02
09.095 2603 076.1 012.10
09.095 2603 076.1 012.18
09.586 2603 076.1 012.26
09.586 2584 075.9 012.35
09.586 2584 075.9 012.43
09.586 2584 075.9 012.52
09.586 2584 075.9 012.60
09.586 2584 075.9 012.68
09.586 2584 075.9 012.77
09.586 2584 075.9 012.85
09.571 2565 075.8 012.94
09.571 2565 075.8 013.03
09.571 2565 075.8 013.12
09.571 2565 075.8 013.20
09.571 2565 075.8 013.28
09.571 2565 075.8 013.37
09.658 2565 075.8 013.47
09.658 2565 075.9 013.56
09.658 2565 075.9 013.66
09.658 2565 075.9 013.76
09.658 2565 075.9 013.85
09.658 2565 075.9 013.93
09.658 2565 075.9 014.01
09.626 2565 075.5 014.09
09.626 2565 075.5 014.19
09.626 2565 075.5 014.28
09.626 2565 075.5 014.38
09.626 2565 075.5 014.47
09.626 2565 075.5 014.55
09.626 2565 075.5 014.63
10.229 2546 075.5 014.71
10.229 2546 075.5 014.81
10.229 2546 075.5 014.89
10.229 2546 075.5 014.99
10.229 2546 075.5 015.09
10.229 2546 075.5 015.18
10.229 2546 075.5 015.26
10.421 2546 075.3 015.34
10.421 2546 075.3 015.43
10.421 2546 075.3 015.52
10.421 2546 075.3 015.60
10.421 2546 075.3 015.68
10.421 2546 075.3 015.77
10.421 2546 075.3 015.85
10.389 2527 075.0 015.93
10.389 2527 075.0 016.01
10.389 2527 075.0 016.09
10.389 2527 075.0 016.18
10.389 2527 075.0 016.27
10.389 2527 075.0 016.37
10.389 2527 075.0 016.45
10.862 2527 074.9 016.53
10.862 2527 074.9 016.62
10.862 2527 074.9 016.70
10.862 2527 074.9 016.78
10.862 2527 074.9 016.86
10.862 2527 074.9 016.94
