01.081 1235 -000.2 000.03
01.081 1235 -000.2 000.11
01.108 1235 -000.2 000.19
01.108 1235 -000.6 000.28
01.108 1235 -000.6 000.36
01.108 1235 -000.6 000.45
01.108 1235 -000.6 000.53
01.108 1235 -000.6 000.62
01.108 1235 -000.6 000.70
01.108 1235 -000.6 000.78
01.123 1235 -000.5 000.87
01.123 1235 -000.5 000.95
01.123 1235 -000.5 001.04
01.123 1235 -000.5 001.12
01.123 1235 -000.5 001.22
01.123 1235 -000.5 001.31
01.081 1235 -000.5 001.40
01.081 1235 -000.3 001.48
01.081 1235 -000.3 001.57
01.081 1235 -000.3 001.65
01.081 1235 -000.3 001.74
01.081 1235 -000.3 001.82
01.081 1235 -000.3 001.91
01.081 1235 -000.3 001.99
01.166 1235 -000.3 002.07
01.166 1235 -000.3 002.15
01.166 1235 -000.3 002.23
01.166 1235 -000.3 002.32
01.166 1235 -000.3 002.41
01.166 1235 -000.3 002.49
01.166 1235 -000.3 002.57
01.165 1235 -000.6 002.65
01.165 1235 -000.6 002.74
01.165 1235 -000.6 002.82
01.165 1235 -000.6 002.90
01.165 1235 -000.6 002.98
01.165 1235 -000.6 003.06
01.165 1235 -000.6 003.15
01.162 1235 -000.7 003.23
01.162 1235 -000.7 003.33
01.162 1235 -000.7 003.41
01.162 1235 -000.7 003.49
01.162 1235 -000.7 003.57
01.162 1235 -000.7 003.67
01.162 1235 -000.7 003.76
01.155 1235 -000.6 003.84
01.155 1235 -000.6 003.92
01.155 1235 -000.6 004.01
01.155 1235 -000.6 004.09
01.155 1235 -000.6 004.18
01.155 1235 -000.6 004.28
01.155 1235 -000.6 004.36
01.15 1235 -000.8 004.44
01.15 1235 -000.8 004.52
01.15 1235 -000.8 004.60
01.15 1235 -000.8 004.69
01.15 1235 -000.8 004.77
01.15 1235 -000.8 004.85
01.15 1235 -000.8 004.95
01.162 1216 -000.7 005.03
01.162 1216 -000.7 005.11
01.162 1216 -000.7 005.20
01.162 1216 -000.7 005.30
01.162 1216 -000.7 005.38
01.162 1216 -000.7 005.46
01.162 1216 -000.7 005.55
01.158 1235 -001.0 005.63
01.158 1235 -001.0 005.72
01.158 1235 -001.0 005.82
01.158 1235 -001.0 005.90
01.158 1235 -001.0 005.98
01.158 1235 -001.0 006.06
01.158 1235 -001.0 006.15
01.157 1235 -000.9 006.24
01.157 1235 -000.9 006.35
01.157 1235 -000.9 006.43
01.157 1235 -000.9 006.51
01.157 1235 -000.9 006.61
01.157 1235 -000.9 006.71
01.157 1235 -000.9 006.79
01.144 1216 -001.0 006.89
01.144 1216 -001.0 006.98
01.144 1216 -001.0 007.07
01.144 1216 -001.0 007.15
01.144 1216 -001.0 007.23
01.144 1216 -001.0 007.32
01.14 1216 -001.0 007.40
01.14 1216 -000.9 007.49
01.14 1216 -000.9 007.58
01.14 1216 -000.9 007.66
01.14 1216 -000.9 007.76
01.14 1216 -000.9 007.84
01.14 1216 -000.9 007.92
01.15 1254 -000.9 008.02
01.15 1254 -001.1 008.11
01.15 1254 -001.1 008.20
01.15 1254 -001.1 008.28
01.15 1254 -001.1 008.36
01.15 1254 -001.1 008.45
01.15 1254 -001.1 008.53
01.136 1235 -001.1 008.61
01.136 1235 -001.3 008.70
01.136 1235 -001.3 008.80
01.136 1235 -001.3 008.88
01.136 1235 -001.3 008.97
01.136 1235 -001.3 009.05
01.136 1235 -001.3 009.12
01.186 1235 -001.3 009.21
01.186 1235 -001.3 009.30
01.186 1235 -001.3 009.39
01.186 1235 -001.3 009.48
01.186 1235 -001.3 009.59
01.186 1235 -001.3 009.67
01.186 1235 -001.3 009.75
01.197 1216 -001.0 009.83
01.197 1216 -001.0 009.92
01.197 1216 -001.0 010.00
01.197 1216 -001.0 010.10
01.197 1216 -001.0 010.18
01.197 1216 -001.0 010.26
01.197 1216 -001.0 010.36
01.215 1235 -001.2 010.44
01.215 1235 -001.2 010.53
01.215 1235 -001.2 010.61
01.215 1235 -001.2 010.69
01.215 1235 -001.2 010.78
01.215 1235 -001.2 010.87
01.215 1235 -001.2 010.95
01.223 1216 -001.5 011.06
01.223 1216 -001.5 011.14
01.223 1216 -001.5 011.22
01.223 1216 -001.5 011.30
01.223 1216 -001.5 011.40
01.223 1216 -001.5 011.49
01.223 1216 -001.5 011.58
01.179 1235 -001.6 011.66
01.179 1235 -001.6 011.75
01.179 1235 -001.6 011.83
01.179 1235 -001.6 011.92
01.179 1235 -001.6 012.01
01.179 1235 -001.6 012.11
01.179 1235 -001.6 012.20
01.184 1235 -001.5 012.29
01.184 1235 -001.5 012.37
01.184 1235 -001.5 012.45
01.184 1235 -001.5 012.54
01.184 1235 -001.5 012.63
01.184 1235 -001.5 012.72
01.184 1235 -001.5 012.81
01.118 1235 -001.7 012.89
01.118 1235 -001.7 012.99
01.118 1235 -001.7 013.07
01.118 1235 -001.7 013.15
01.118 1235 -001.7 013.23
01.118 1235 -001.7 013.31
01.118 1235 -001.7 013.40
01.128 1235 -001.7 013.48
01.128 1235 -001.7 013.57
01.128 1235 -001.7 013.67
01.128 1235 -001.7 013.75
01.128 1235 -001.7 013.83
01.128 1235 -001.7 013.94
01.118 1235 -001.7 014.02
01.118 1235 -001.7 014.10
01.118 1235 -001.7 014.20
01.118 1235 -001.7 014.29
01.118 1235 -001.7 014.39
01.118 1235 -001.7 014.48
01.118 1235 -001.7 014.57
01.124 1235 -001.5 014.66
01.124 1235 -001.5 014.74
01.124 1235 -001.5 014.82
01.124 1235 -001.5 014.90
01.124 1235 -001.5 014.99
01.124 1235 -001.5 015.07
01.124 1235 -001.5 015.17
01.131 1216 -001.8 015.25
01.131 1216 -001.8 015.35
01.131 1216 -001.8 015.43
01.131 1216 -001.8 015.52
01.131 1216 -001.8 015.60
01.131 1216 -001.8 015.69
01.131 1216 -001.8 015.78
01.14 1235 -001.9 015.88
01.14 1235 -001.9 015.96
01.14 1235 -001.9 016.05
01.14 1235 -001.9 016.13
01.14 1235 -001.9 016.22
01.14 1235 -001.9 016.30
01.14 1235 -001.9 016.40
01.158 1235 -001.9 016.49
01.158 1235 -001.9 016.57
01.158 1235 -001.9 016.65
01.158 1235 -001.9 016.74
01.158 1235 -001.9 016.82
01.158 1235 -001.9 016.90
01.158 1235 -001.9 016.98
01.108 1235 -001.7 017.07
01.108 1235 -001.7 017.15
01.108 1235 -001.7 017.23
01.108 1235 -001.7 017.31
01.108 1235 -001.7 017.40
01.108 1235 -001.7 017.48
01.108 1235 -001.7 017.56
01.108 1235 -001.7 017.65
01.126 1216 -002.0 017.75
01.126 1216 -002.0 017.83
01.126 1216 -002.0 017.91
01.126 1216 -002.0 018.01
01.126 1216 -002.0 018.09
01.126 1216 -002.0 018.18
01.157 1235 -001.7 018.27
01.157 1235 -001.7 018.37
01.157 1235 -001.7 018.46
01.157 1235 -001.7 018.55
01.157 1235 -001.7 018.63
01.157 1235 -001.7 018.71
01.157 1235 -001.7 018.79
01.147 1235 -001.8 018.88
01.147 1235 -001.8 018.98
01.147 1235 -001.8 019.06
01.147 1235 -001.8 019.15
01.147 1235 -001.8 019.23
01.147 1235 -001.8 019.33
01.147 1235 -001.8 019.42
01.155 1235 -001.9 019.50
01.155 1235 -001.9 019.59
01.155 1235 -001.9 019.67
01.155 1235 -001.9 019.75
01.155 1235 -001.9 019.83
01.155 1235 -001.9 019.92
01.155 1235 -001.9 020.02
01.152 1235 -002.3 020.10
01.152 1235 -002.3 020.18
01.152 1235 -002.3 020.28
01.152 1235 -002.3 020.36
01.152 1235 -002.3 020.45
01.152 1235 -002.3 020.53
01.152 1235 -002.3 020.61
01.176 1254 -002.4 020.72
01.176 1254 -002.4 020.80
01.176 1254 -002.4 020.89
01.176 1254 -002.4 020.97
01.176 1254 -002.4 021.05
01.176 1254 -002.4 021.13
01.176 1254 -002.4 021.21
01.218 1235 -002.1 021.30
01.218 1235 -002.1 021.39
01.218 1235 -002.1 021.50
01.218 1235 -002.1 021.59
01.218 1235 -002.1 021.68
01.218 1235 -002.1 021.77
01.218 1235 -002.1 021.85
01.2 1216 -002.0 021.94
01.2 1216 -002.0 022.03
01.2 1216 -002.0 022.12
01.2 1216 -002.0 022.20
01.2 1216 -002.0 022.29
01.2 1216 -002.0 022.38
01.189 1216 -002.0 022.46
01.189 1235 -002.0 022.54
01.189 1235 -002.0 022.63
01.189 1235 -002.0 022.72
01.189 1235 -002.0 022.81
01.189 1235 -002.0 022.89
01.189 1235 -002.0 022.98
01.189 1235 -002.0 023.07
01.189 1216 -002.2 023.15
01.189 1216 -002.2 023.24
01.189 1216 -002.2 023.33
01.189 1216 -002.2 023.42
01.189 1216 -002.2 023.50
01.189 1216 -002.2 023.58
01.199 1235 -002.5 023.68
01.199 1235 -002.5 023.77
01.199 1235 -002.5 023.85
01.199 1235 -002.5 023.93
01.199 1235 -002.5 024.02
01.199 1235 -002.5 024.10
01.199 1235 -002.5 024.18
01.199 1235 -002.5 024.27
01.184 1216 -002.6 024.35
01.184 1216 -002.6 024.43
01.184 1216 -002.6 024.51
01.184 1216 -002.6 024.62
01.184 1216 -002.6 024.70
01.184 1216 -002.6 024.78
01.145 1216 -002.6 024.86
01.145 1235 -002.5 024.95
01.145 1235 -002.5 025.05
01.145 1235 -002.5 025.13
01.145 1235 -002.5 025.21
01.145 1235 -002.5 025.29
01.145 1235 -002.5 025.38
01.157 1235 -002.5 025.49
01.157 1235 -002.5 025.58
01.157 1235 -002.5 025.68
01.157 1235 -002.5 025.77
01.157 1235 -002.5 025.86
01.157 1235 -002.5 025.97
01.157 1235 -002.5 026.05
01.158 1235 -002.2 026.13
01.158 1235 -002.2 026.22
01.158 1235 -002.2 026.30
01.158 1235 -002.2 026.38
01.158 1235 -002.2 026.47
01.158 1235 -002.2 026.55
01.158 1235 -002.2 026.64
01.165 1235 -002.4 026.73
01.165 1235 -002.4 026.82
01.165 1235 -002.4 026.91
01.165 1235 -002.4 026.99
01.165 1235 -002.4 027.07
01.165 1235 -002.4 027.15
01.165 1235 -002.4 027.24
01.166 1216 -002.6 027.32
01.166 1216 -002.6 027.41
01.166 1216 -002.6 027.49
01.166 1216 -002.6 027.58
01.166 1216 -002.6 027.66
01.166 1216 -002.6 027.75
01.166 1216 -002.6 027.83
01.189 1235 -002.6 027.92
01.189 1235 -002.6 028.01
01.189 1235 -002.6 028.09
01.189 1235 -002.6 028.18
01.189 1235 -002.6 028.26
01.189 1235 -002.6 028.34
01.189 1235 -002.6 028.42
01.132 1235 -002.9 028.50
01.132 1235 -002.9 028.60
01.132 1235 -002.9 028.69
01.132 1235 -002.9 028.77
01.132 1235 -002.9 028.87
01.132 1235 -002.9 028.96
01.132 1235 -002.9 029.04
01.142 1254 -003.1 029.12
01.142 1254 -003.1 029.22
01.142 1254 -003.1 029.30
01.142 1254 -003.1 029.39
01.142 1254 -003.1 029.48
01.142 1254 -003.1 029.56
01.142 1254 -003.1 029.66
01.174 1235 -002.8 029.75
01.174 1235 -002.8 029.85
01.174 1235 -002.8 029.93
01.174 1235 -002.8 030.03
01.174 1235 -002.8 030.12
01.174 1235 -002.8 030.20
01.157 1216 -002.8 030.28
01.157 1216 -002.8 030.37
01.157 1216 -002.8 030.45
01.157 1216 -002.8 030.54
01.157 1216 -002.8 030.63
01.157 1216 -002.8 030.71
01.157 1216 -002.8 030.80
01.157 1216 -002.8 030.89
01.15 1235 -002.7 030.97
01.15 1235 -002.7 031.05
01.15 1235 -002.7 031.13
01.15 1235 -002.7 031.23
01.15 1235 -002.7 031.31
01.15 1235 -002.7 031.40
01.179 1216 -002.7 031.48
01.179 1216 -002.7 031.57
01.179 1216 -002.7 031.65
01.179 1216 -002.7 031.74
01.179 1216 -002.7 031.83
01.179 1216 -002.7 031.91
01.179 1216 -002.7 031.99
01.179 1216 -002.7 032.07
01.163 1254 -002.9 032.16
01.163 1254 -002.9 032.25
01.163 1254 -002.9 032.33
01.163 1254 -002.9 032.41
01.163 1254 -002.9 032.50
01.163 1254 -002.9 032.58
01.163 1254 -002.9 032.66
01.149 1216 -002.9 032.75
01.149 1216 -002.9 032.83
01.149 1216 -002.9 032.91
01.149 1216 -002.9 033.01
01.149 1216 -002.9 033.11
01.149 1216 -002.9 033.20
01.121 1216 -002.9 033.29
01.121 1254 -002.6 033.39
01.121 1254 -002.6 033.47
01.121 1254 -002.6 033.55
01.121 1254 -002.6 033.63
01.121 1254 -002.6 033.72
01.121 1254 -002.6 033.80
01.102 1235 -002.6 033.89
01.102 1235 -003.1 033.97
01.102 1235 -003.1 034.05
01.102 1235 -003.1 034.14
01.102 1235 -003.1 034.22
01.102 1235 -003.1 034.31
01.102 1235 -003.1 034.39
01.102 1235 -003.1 034.47
01.11 1216 -003.1 034.56
01.11 1216 -003.1 034.65
01.11 1216 -003.1 034.73
01.11 1216 -003.1 034.82
01.11 1216 -003.1 034.90
01.11 1216 -003.1 034.99
01.11 1216 -003.1 035.07
01.121 1235 -003.1 035.15
01.121 1235 -003.1 035.23
01.121 1235 -003.1 035.31
01.121 1235 -003.1 035.40
01.121 1235 -003.1 035.49
01.121 1235 -003.1 035.59
01.121 1235 -003.1 035.67
01.089 1235 -003.1 035.76
01.089 1235 -003.1 035.85
01.089 1235 -003.1 035.93
01.089 1235 -003.1 036.01
01.089 1235 -003.1 036.10
01.089 1235 -003.1 036.18
01.089 1235 -003.1 036.26
01.05 1216 -003.3 036.34
01.05 1216 -003.3 036.42
01.05 1216 -003.3 036.51
01.05 1216 -003.3 036.59
01.05 1216 -003.3 036.67
01.05 1216 -003.3 036.75
01.05 1216 -003.3 036.83
01.092 1235 -003.2 036.93
01.092 1235 -003.2 037.01
01.092 1235 -003.2 037.10
01.092 1235 -003.2 037.17
01.092 1235 -003.2 037.26
01.092 1235 -003.2 037.35
01.092 1235 -003.2 037.44
01.136 1216 -003.2 037.52
01.136 1216 -003.2 037.60
01.136 1216 -003.2 037.68
01.136 1216 -003.2 037.77
01.136 1216 -003.2 037.88
01.136 1216 -003.2 037.96
01.136 1216 -003.2 038.04
01.113 1235 -003.5 038.15
01.113 1235 -003.5 038.23
01.113 1235 -003.5 038.31
01.113 1235 -003.5 038.40
01.113 1235 -003.5 038.48
01.113 1235 -003.5 038.56
01.113 1235 -003.5 038.64
01.16 1235 -003.1 038.73
01.16 1235 -003.1 038.81
01.16 1235 -003.1 038.89
01.16 1235 -003.1 038.98
01.16 1235 -003.1 039.06
01.16 1235 -003.1 039.14
01.16 1235 -003.1 039.24
01.152 1235 -003.1 039.32
01.152 1216 -003.7 039.40
01.152 1216 -003.7 039.48
01.152 1216 -003.7 039.57
01.152 1216 -003.7 039.66
01.152 1216 -003.7 039.74
01.152 1216 -003.7 039.82
01.162 1235 -003.7 039.90
01.162 1235 -003.5 039.99
01.162 1235 -003.5 040.08
01.162 1235 -003.5 040.19
01.162 1235 -003.5 040.27
01.162 1235 -003.5 040.35
01.162 1235 -003.5 040.43
01.166 1235 -003.5 040.52
01.166 1235 -003.5 040.60
01.166 1235 -003.5 040.70
01.166 1235 -003.5 040.78
01.166 1235 -003.5 040.86
01.166 1235 -003.5 040.97
01.166 1235 -003.5 041.05
01.192 1235 -003.5 041.13
01.192 1235 -003.4 041.22
01.192 1235 -003.4 041.30
01.192 1235 -003.4 041.38
01.192 1235 -003.4 041.47
01.192 1235 -003.4 041.56
01.192 1235 -003.4 041.64
01.217 1235 -003.4 041.73
01.217 1235 -003.1 041.81
01.217 1235 -003.1 041.90
01.217 1235 -003.1 041.98
01.217 1235 -003.1 042.06
01.217 1235 -003.1 042.14
01.217 1235 -003.1 042.23
01.217 1235 -003.1 042.31
01.21 1235 -003.5 042.40
01.21 1235 -003.5 042.48
01.21 1235 -003.5 042.56
01.21 1235 -003.5 042.64
01.21 1235 -003.5 042.72
01.21 1235 -003.5 042.81
01.21 1235 -003.5 042.89
01.218 1216 -003.5 042.98
01.218 1216 -003.5 043.06
01.218 1216 -003.5 043.15
01.218 1216 -003.5 043.23
01.218 1216 -003.5 043.31
01.218 1216 -003.5 043.40
01.218 1216 -003.5 043.48
01.162 1254 -003.5 043.57
01.162 1254 -003.5 043.65
01.162 1254 -003.5 043.73
01.162 1254 -003.5 043.81
01.162 1254 -003.5 043.90
01.162 1254 -003.5 043.98
01.162 1254 -003.5 044.06
01.111 1235 -003.7 044.15
01.111 1235 -003.7 044.23
01.111 1235 -003.7 044.31
01.111 1235 -003.7 044.40
01.111 1235 -003.7 044.49
01.111 1235 -003.7 044.57
01.111 1235 -003.7 044.66
01.129 1235 -003.7 044.74
01.129 1235 -003.7 044.83
01.129 1235 -003.7 044.91
01.129 1235 -003.7 044.99
01.129 1235 -003.7 045.07
01.129 1235 -003.7 045.16
01.129 1235 -003.7 045.24
01.129 1235 -003.7 045.32
01.144 1216 -003.6 045.41
01.144 1216 -003.6 045.49
01.144 1216 -003.6 045.58
01.144 1216 -003.6 045.66
01.144 1216 -003.6 045.74
01.144 1216 -003.6 045.83
01.144 1216 -003.6 045.91
01.145 1216 -003.7 046.00
01.145 1216 -003.7 046.08
01.145 1216 -003.7 046.16
01.145 1216 -003.7 046.24
01.145 1216 -003.7 046.32
01.145 1216 -003.7 046.41
01.145 1216 -003.7 046.50
01.147 1235 -003.7 046.58
01.147 1235 -003.7 046.66
01.147 1235 -003.7 046.74
01.147 1235 -003.7 046.83
01.147 1235 -003.7 046.92
01.147 1235 -003.7 047.00
01.147 1235 -003.7 047.08
01.173 1235 -003.7 047.17
01.173 1235 -003.7 047.25
01.173 1235 -003.7 047.33
01.173 1235 -003.7 047.42
01.173 1235 -003.7 047.50
01.173 1235 -003.7 047.58
01.173 1235 -003.7 047.66
01.132 1235 -003.7 047.75
01.132 1235 -003.6 047.83
01.132 1235 -003.6 047.92
01.132 1235 -003.6 048.00
01.132 1235 -003.6 048.08
01.132 1235 -003.6 048.16
01.132 1235 -003.6 048.24
01.132 1235 -003.6 048.33
01.14 1235 -003.7 048.41
01.14 1235 -003.7 048.49
01.14 1235 -003.7 048.58
01.14 1235 -003.7 048.66
01.14 1235 -003.7 048.74
01.14 1235 -003.7 048.83
01.14 1235 -003.7 048.91
01.118 1235 -003.8 049.00
01.118 1235 -003.8 049.09
01.118 1235 -003.8 049.17
01.118 1235 -003.8 049.26
01.118 1235 -003.8 049.34
01.118 1235 -003.8 049.42
01.118 1235 -003.8 049.50
01.16 1216 -003.8 049.59
01.16 1216 -003.8 049.67
01.16 1216 -003.8 049.75
01.16 1216 -003.8 049.83
01.16 1216 -003.8 049.92
01.16 1216 -003.8 050.00
01.16 1216 -003.8 050.13
01.157 1235 -004.1 050.22
01.157 1235 -004.1 050.30
01.157 1235 -004.1 050.38
01.157 1235 -004.1 050.47
01.157 1235 -004.1 050.55
01.157 1235 -004.1 050.63
01.157 1235 -004.1 050.72
01.183 1235 -003.8 050.80
01.183 1235 -003.8 050.88
01.183 1235 -003.8 050.97
01.183 1235 -003.8 051.05
01.183 1235 -003.8 051.13
01.183 1235 -003.8 051.22
01.183 1235 -003.8 051.30
01.189 1235 -004.1 051.38
01.189 1235 -004.1 051.47
01.189 1235 -004.1 051.56
01.189 1235 -004.1 051.64
01.189 1235 -004.1 051.72
01.189 1235 -004.1 051.80
01.189 1235 -004.1 051.89
01.165 1216 -004.1 051.97
01.165 1216 -004.1 052.05
01.165 1216 -004.1 052.14
01.165 1216 -004.1 052.23
01.165 1216 -004.1 052.31
01.165 1216 -004.1 052.40
01.165 1216 -004.1 052.48
01.131 1235 -004.1 052.57
01.131 1235 -004.1 052.65
01.131 1235 -004.1 052.73
01.131 1235 -004.1 052.81
01.131 1235 -004.1 052.90
01.131 1235 -004.1 052.98
01.131 1235 -004.1 053.06
01.131 1235 -004.1 053.14
01.14 1235 -004.1 053.23
01.14 1235 -004.1 053.31
01.14 1235 -004.1 053.39
01.14 1235 -004.1 053.47
01.14 1235 -004.1 053.56
01.14 1235 -004.1 053.64
01.14 1235 -004.1 053.72
01.131 1235 -004.1 053.81
01.131 1235 -004.1 053.89
01.131 1235 -004.1 053.97
01.131 1235 -004.1 054.06
01.131 1235 -004.1 054.14
01.131 1235 -004.1 054.22
01.131 1235 -004.1 054.30
01.132 1216 -004.2 054.39
01.132 1216 -004.2 054.47
01.132 1216 -004.2 054.56
01.132 1216 -004.2 054.64
01.132 1216 -004.2 054.72
01.132 1216 -004.2 054.81
01.132 1216 -004.2 054.89
01.147 1235 -004.2 054.97
01.147 1235 -004.2 055.06
01.147 1235 -004.2 055.14
01.147 1235 -004.2 055.25
01.147 1235 -004.2 055.33
01.147 1235 -004.2 055.41
01.147 1235 -004.2 055.49
01.233 1216 -004.1 055.58
01.233 1216 -004.1 055.67
01.233 1216 -004.1 055.75
01.233 1216 -004.1 055.83
01.233 1216 -004.1 055.92
01.233 1216 -004.1 056.02
01.233 1216 -004.1 056.11
01.247 1235 -004.1 056.20
01.247 1235 -004.1 056.28
01.247 1235 -004.1 056.37
01.247 1235 -004.1 056.46
01.247 1235 -004.1 056.54
01.247 1235 -004.1 056.62
01.247 1235 -004.1 056.71
01.306 1216 -004.2 056.79
01.306 1216 -004.2 056.87
01.306 1216 -004.2 056.95
01.306 1216 -004.2 057.03
01.306 1216 -004.2 057.13
01.306 1216 -004.2 057.21
01.306 1216 -004.2 057.29
01.298 1235 -004.3 057.38
01.298 1235 -004.3 057.46
01.298 1235 -004.3 057.54
01.298 1235 -004.3 057.63
01.298 1235 -004.3 057.71
01.298 1235 -004.3 057.79
01.298 1235 -004.3 057.88
01.358 1216 -004.2 057.98
01.358 1216 -004.2 058.06
01.358 1216 -004.2 058.14
01.358 1216 -004.2 058.24
01.358 1216 -004.2 058.33
01.358 1216 -004.2 058.41
01.358 1216 -004.2 058.49
01.33 1216 -004.4 058.59
01.33 1216 -004.4 058.68
01.33 1216 -004.4 058.78
01.33 1216 -004.4 058.87
01.33 1216 -004.4 058.97
01.33 1216 -004.4 059.05
01.33 1216 -004.4 059.13
01.336 1235 -004.4 059.22
01.336 1235 -004.4 059.30
01.336 1235 -004.4 059.38
01.336 1235 -004.4 059.47
01.336 1235 -004.4 059.55
01.336 1235 -004.4 059.63
01.336 1235 -004.4 059.71
01.336 1216 -004.2 059.79
01.336 1216 -004.2 059.87
01.336 1216 -004.2 059.96
01.336 1216 -004.2 060.04
01.336 1216 -004.2 060.12
01.336 1216 -004.2 060.20
01.336 1216 -004.2 060.28
01.336 1216 -004.2 060.37
01.374 1235 -004.2 060.45
01.374 1235 -004.2 060.53
01.374 1235 -004.2 060.62
01.374 1235 -004.2 060.70
01.374 1235 -004.2 060.78
01.374 1235 -004.2 060.88
01.374 1235 -004.2 060.97
01.346 1216 -004.5 061.05
01.346 1216 -004.5 061.13
01.346 1216 -004.5 061.21
01.346 1216 -004.5 061.30
01.346 1216 -004.5 061.39
01.346 1216 -004.5 061.48
01.346 1216 -004.5 061.56
01.403 1235 -004.5 061.65
01.403 1235 -004.5 061.74
01.403 1235 -004.5 061.82
01.403 1235 -004.5 061.90
01.403 1235 -004.5 061.99
01.403 1235 -004.5 062.07
01.403 1235 -004.5 062.16
01.474 1216 -004.5 062.25
01.474 1216 -004.5 062.36
01.474 1216 -004.5 062.44
01.474 1216 -004.5 062.53
01.474 1216 -004.5 062.62
01.474 1216 -004.5 062.70
01.576 1235 -004.5 062.79
01.576 1235 -004.5 062.88
01.576 1235 -004.5 062.96
01.576 1235 -004.5 063.04
01.576 1235 -004.5 063.13
01.576 1235 -004.5 063.21
01.576 1235 -004.5 063.29
01.695 1254 -004.5 063.38
01.695 1254 -004.5 063.48
01.695 1254 -004.5 063.57
01.695 1254 -004.5 063.66
01.695 1254 -004.5 063.76
01.695 1254 -004.5 063.85
01.695 1254 -004.5 063.93
01.714 1216 -004.4 064.02
01.714 1216 -004.4 064.11
01.714 1216 -004.4 064.20
01.714 1216 -004.4 064.28
01.714 1216 -004.4 064.36
01.714 1216 -004.4 064.45
01.714 1216 -004.4 064.53
01.733 1216 -004.6 064.61
01.733 1216 -004.6 064.70
01.733 1216 -004.6 064.78
01.733 1216 -004.6 064.86
01.733 1216 -004.6 064.94
01.733 1216 -004.6 065.03
01.733 1216 -004.6 065.11
01.803 1216 -004.6 065.20
01.803 1216 -004.6 065.28
01.803 1216 -004.6 065.36
01.803 1216 -004.6 065.45
01.803 1216 -004.6 065.53
01.803 1216 -004.6 065.62
01.803 1216 -004.6 065.70
01.803 1216 -004.6 065.79
01.941 1216 -004.7 065.87
01.941 1216 -004.7 065.95
01.941 1216 -004.7 066.04
01.941 1216 -004.7 066.12
01.941 1216 -004.7 066.20
01.941 1216 -004.7 066.29
01.941 1216 -004.7 066.37
02.255 1197 -004.6 066.45
02.255 1197 -004.6 066.54
02.255 1197 -004.6 066.62
02.255 1197 -004.6 066.72
02.255 1197 -004.6 066.81
02.255 1197 -004.6 066.90
02.255 1197 -004.6 066.98
02.318 1216 -004.8 067.06
02.318 1216 -004.8 067.15
02.318 1216 -004.8 067.23
02.318 1216 -004.8 067.32
02.318 1216 -004.8 067.40
02.318 1216 -004.8 067.50
02.318 1216 -004.8 067.59
02.453 1216 -004.7 067.68
02.453 1216 -004.7 067.76
02.453 1216 -004.7 067.86
02.453 1216 -004.7 067.94
02.453 1216 -004.7 068.03
02.453 1216 -004.7 068.11
02.576 1216 -004.7 068.21
02.576 1197 -004.8 068.29
02.576 1197 -004.8 068.38
02.576 1197 -004.8 068.48
02.576 1197 -004.8 068.56
02.576 1197 -004.8 068.64
02.576 1197 -004.8 068.72
02.399 1197 -004.8 068.81
02.399 1197 -005.0 068.90
02.399 1197 -005.0 068.98
02.399 1197 -005.0 069.06
02.399 1197 -005.0 069.14
02.399 1197 -005.0 069.22
02.399 1197 -005.0 069.31
02.375 1197 -005.0 069.40
02.375 1216 -005.1 069.48
02.375 1216 -005.1 069.56
02.375 1216 -005.1 069.64
02.375 1216 -005.1 069.72
02.375 1216 -005.1 069.81
02.375 1216 -005.1 069.89
02.375 1216 -005.1 069.97
02.474 1216 -005.1 070.06
02.474 1216 -005.1 070.14
02.474 1216 -005.1 070.23
02.474 1216 -005.1 070.31
02.474 1216 -005.1 070.40
02.474 1216 -005.1 070.48
02.474 1216 -005.1 070.56
02.391 1197 -005.1 070.65
02.391 1197 -005.1 070.73
02.391 1197 -005.1 070.81
02.391 1197 -005.1 070.90
02.391 1197 -005.1 070.98
02.391 1197 -005.1 071.06
02.391 1197 -005.1 071.14
02.458 1197 -005.1 071.23
02.458 1197 -005.1 071.31
02.458 1197 -005.1 071.40
02.458 1197 -005.1 071.48
02.458 1197 -005.1 071.56
02.458 1197 -005.1 071.65
02.458 1197 -005.1 071.73
02.458 1197 -005.1 071.81
02.66 1197 -005.2 071.89
02.66 1197 -005.2 071.97
02.66 1197 -005.2 072.06
02.66 1197 -005.2 072.14
02.66 1197 -005.2 072.22
02.66 1197 -005.2 072.31
02.66 1197 -005.2 072.39
02.493 1216 -005.4 072.47
02.493 1216 -005.4 072.56
02.493 1216 -005.4 072.65
02.493 1216 -005.4 072.73
02.493 1216 -005.4 072.81
02.493 1216 -005.4 072.89
02.493 1216 -005.4 072.98
02.501 1197 -005.4 073.07
02.501 1197 -005.4 073.16
02.501 1197 -005.4 073.24
02.501 1197 -005.4 073.32
02.501 1197 -005.4 073.40
02.501 1197 -005.4 073.50
02.501 1197 -005.4 073.59
02.621 1197 -005.4 073.68
02.621 1197 -005.4 073.76
02.621 1197 -005.4 073.84
02.621 1197 -005.4 073.94
02.621 1197 -005.4 074.03
02.621 1197 -005.4 074.11
02.621 1197 -005.4 074.20
02.564 1197 -005.6 074.30
02.564 1197 -005.6 074.39
02.564 1197 -005.6 074.47
02.564 1197 -005.6 074.57
02.564 1197 -005.6 074.65
02.564 1197 -005.6 074.73
02.702 1197 -005.6 074.81
02.702 1197 -005.8 074.90
02.702 1197 -005.8 074.99
02.702 1197 -005.8 075.07
02.702 1197 -005.8 075.15
02.702 1197 -005.8 075.24
02.702 1197 -005.8 075.32
02.702 1197 -005.8 075.40
02.647 1216 -005.7 075.49
02.647 1216 -005.7 075.57
02.647 1216 -005.7 075.66
02.647 1216 -005.7 075.74
02.647 1216 -005.7 075.82
02.647 1216 -005.7 075.91
02.647 1216 -005.7 076.01
02.692 1197 -005.5 076.09
02.692 1197 -005.5 076.17
02.692 1197 -005.5 076.25
02.692 1197 -005.5 076.33
02.692 1197 -005.5 076.42
02.692 1197 -005.5 076.51
02.692 1197 -005.5 076.59
02.866 1178 -005.8 076.68
02.866 1178 -005.8 076.76
02.866 1178 -005.8 076.86
02.866 1178 -005.8 076.94
02.866 1178 -005.8 077.03
02.866 1178 -005.8 077.11
02.866 1178 -005.8 077.21
03.055 1216 -005.8 077.29
03.055 1216 -005.8 077.38
03.055 1216 -005.8 077.46
03.055 1216 -005.8 077.54
03.055 1216 -005.8 077.62
03.055 1216 -005.8 077.72
03.055 1216 -005.8 077.81
02.841 1197 -005.9 077.90
02.841 1197 -005.9 077.98
02.841 1197 -005.9 078.06
02.841 1197 -005.9 078.14
02.841 1197 -005.9 078.22
02.841 1197 -005.9 078.31
02.841 1197 -005.9 078.39
02.885 1197 -006.0 078.47
02.885 1197 -006.0 078.55
02.885 1197 -006.0 078.63
02.885 1197 -006.0 078.72
02.885 1197 -006.0 078.81
02.885 1197 -006.0 078.89
02.885 1197 -006.0 078.99
02.88 1178 -006.0 079.07
02.88 1178 -006.0 079.15
02.88 1178 -006.0 079.23
02.88 1178 -006.0 079.32
02.88 1178 -006.0 079.40
02.88 1178 -006.0 079.49
02.88 1178 -006.0 079.58
02.88 1197 -006.1 079.67
02.88 1197 -006.1 079.75
02.88 1197 -006.1 079.83
02.88 1197 -006.1 079.92
02.88 1197 -006.1 080.01
02.88 1197 -006.1 080.10
02.88 1197 -006.1 080.19
03.055 1216 -006.1 080.27
03.055 1216 -006.1 080.36
03.055 1216 -006.1 080.45
03.055 1216 -006.1 080.53
03.055 1216 -006.1 080.62
03.055 1216 -006.1 080.70
03.055 1216 -006.1 080.78
02.898 1197 -006.2 080.87
02.898 1197 -006.2 080.95
02.898 1197 -006.2 081.03
02.898 1197 -006.2 081.12
02.898 1197 -006.2 081.20
02.898 1197 -006.2 081.28
02.898 1197 -006.2 081.37
03.089 1197 -006.2 081.45
03.089 1197 -006.2 081.55
03.089 1197 -006.2 081.64
03.089 1197 -006.2 081.74
03.089 1197 -006.2 081.82
03.089 1197 -006.2 081.90
03.089 1197 -006.2 081.99
03.091 1197 -006.4 082.07
03.091 1197 -006.4 082.16
03.091 1197 -006.4 082.25
03.091 1197 -006.4 082.35
03.091 1197 -006.4 082.43
03.091 1197 -006.4 082.51
03.091 1197 -006.4 082.59
03.13 1140 -006.4 082.68
03.13 1140 -006.4 082.76
03.13 1140 -006.4 082.86
03.13 1140 -006.4 082.94
03.13 1140 -006.4 083.03
03.13 1140 -006.4 083.11
03.13 1140 -006.4 083.19
03.177 1140 -006.4 083.28
03.177 1140 -006.4 083.36
03.177 1140 -006.4 083.45
03.177 1140 -006.4 083.53
03.177 1140 -006.4 083.61
03.177 1140 -006.4 083.70
03.177 1140 -006.4 083.78
03.229 1159 -006.4 083.88
03.229 1159 -006.4 083.96
03.229 1159 -006.4 084.05
03.229 1159 -006.4 084.15
03.229 1159 -006.4 084.24
03.229 1159 -006.4 084.33
03.229 1159 -006.4 084.41
03.187 1140 -006.4 084.49
03.187 1140 -006.4 084.58
03.187 1140 -006.4 084.66
03.187 1140 -006.4 084.75
03.187 1140 -006.4 084.83
03.187 1140 -006.4 084.91
03.187 1140 -006.4 084.99
03.263 1140 -006.7 085.07
03.263 1140 -006.7 085.16
03.263 1140 -006.7 085.24
03.263 1140 -006.7 085.33
03.263 1140 -006.7 085.41
03.263 1140 -006.7 085.50
03.263 1140 -006.7 085.59
03.044 1121 -006.8 085.67
03.044 1121 -006.8 085.75
03.044 1121 -006.8 085.83
03.044 1121 -006.8 085.91
03.044 1121 -006.8 086.01
03.044 1121 -006.8 086.09
03.044 1121 -006.8 086.17
03.044 1121 -006.8 086.25
02.911 1121 -006.6 086.36
02.911 1121 -006.6 086.44
02.911 1121 -006.6 086.52
02.911 1121 -006.6 086.62
02.911 1121 -006.6 086.71
02.911 1121 -006.6 086.80
02.773 1140 -006.6 086.88
02.773 1140 -006.6 086.97
02.773 1140 -006.6 087.05
02.773 1140 -006.6 087.13
02.773 1140 -006.6 087.21
02.773 1140 -006.6 087.29
02.773 1140 -006.6 087.39
02.77 1197 -006.9 087.48
02.77 1197 -006.9 087.56
02.77 1197 -006.9 087.64
02.77 1197 -006.9 087.73
02.77 1197 -006.9 087.82
02.77 1197 -006.9 087.91
02.77 1197 -006.9 088.01
02.603 1197 -006.9 088.09
02.603 1197 -006.9 088.17
02.603 1197 -006.9 088.28
02.603 1197 -006.9 088.36
02.603 1197 -006.9 088.44
02.603 1197 -006.9 088.53
02.603 1197 -006.9 088.61
02.696 1197 -007.1 088.69
02.696 1197 -007.1 088.77
02.696 1197 -007.1 088.86
02.696 1197 -007.1 088.95
02.696 1197 -007.1 089.03
02.696 1197 -007.1 089.11
02.696 1197 -007.1 089.19
02.519 1197 -006.9 089.29
02.519 1197 -006.9 089.38
02.519 1197 -006.9 089.46
02.519 1197 -006.9 089.55
02.519 1197 -006.9 089.62
02.519 1197 -006.9 089.71
02.519 1197 -006.9 089.79
02.422 1216 -006.9 089.88
02.422 1216 -006.9 089.96
02.422 1216 -006.9 090.04
02.422 1216 -006.9 090.13
02.422 1216 -006.9 090.21
02.422 1216 -006.9 090.30
02.422 1216 -006.9 090.38
02.586 1216 -006.9 090.48
02.586 1197 -007.0 090.56
02.586 1197 -007.0 090.64
02.586 1197 -007.0 090.73
02.586 1197 -007.0 090.83
02.586 1197 -007.0 090.91
02.586 1197 -007.0 090.99
02.479 1197 -007.0 091.07
02.479 1197 -007.2 091.17
02.479 1197 -007.2 091.26
02.479 1197 -007.2 091.35
02.479 1197 -007.2 091.43
02.479 1197 -007.2 091.52
02.479 1197 -007.2 091.60
02.467 1216 -007.3 091.70
02.467 1216 -007.3 091.79
02.467 1216 -007.3 091.88
02.467 1216 -007.3 091.97
02.467 1216 -007.3 092.05
02.467 1216 -007.3 092.14
02.467 1216 -007.3 092.22
02.587 1197 -007.3 092.30
02.587 1197 -007.3 092.39
02.587 1197 -007.3 092.47
02.587 1197 -007.3 092.56
02.587 1197 -007.3 092.64
02.587 1197 -007.3 092.72
02.587 1197 -007.3 092.81
02.555 1216 -007.3 092.90
02.555 1216 -007.1 092.98
02.555 1216 -007.1 093.08
02.555 1216 -007.1 093.16
02.555 1216 -007.1 093.26
02.555 1216 -007.1 093.34
02.555 1216 -007.1 093.43
02.438 1216 -007.3 093.51
02.438 1216 -007.3 093.62
02.438 1216 -007.3 093.70
02.438 1216 -007.3 093.80
02.438 1216 -007.3 093.88
02.438 1216 -007.3 093.97
02.438 1216 -007.3 094.05
02.485 1197 -007.2 094.13
02.485 1197 -007.2 094.22
02.485 1197 -007.2 094.32
02.485 1197 -007.2 094.41
02.485 1197 -007.2 094.49
02.485 1197 -007.2 094.58
02.53 1197 -007.2 094.68
02.53 1197 -007.2 094.76
02.53 1197 -007.2 094.85
02.53 1197 -007.2 094.93
02.53 1197 -007.2 095.02
02.53 1197 -007.2 095.10
02.53 1197 -007.2 095.18
02.495 1197 -007.2 095.28
02.495 1197 -007.6 095.37
02.495 1197 -007.6 095.47
02.495 1197 -007.6 095.55
02.495 1197 -007.6 095.66
02.495 1197 -007.6 095.74
02.495 1197 -007.6 095.82
02.543 1197 -007.6 095.90
02.543 1197 -007.4 095.99
02.543 1197 -007.4 096.07
02.543 1197 -007.4 096.15
02.543 1197 -007.4 096.23
02.543 1197 -007.4 096.32
02.543 1197 -007.4 096.40
02.543 1197 -007.4 096.48
02.586 1197 -007.7 096.57
02.586 1197 -007.7 096.65
02.586 1197 -007.7 096.73
02.586 1197 -007.7 096.82
02.586 1197 -007.7 096.91
02.586 1197 -007.7 097.01
02.485 1197 -007.7 097.09
02.485 1216 -007.6 097.18
02.485 1216 -007.6 097.26
02.485 1216 -007.6 097.34
02.485 1216 -007.6 097.42
02.485 1216 -007.6 097.50
02.485 1216 -007.6 097.59
02.485 1216 -007.6 097.67
02.517 1216 -007.6 097.75
02.517 1216 -007.6 097.83
02.517 1216 -007.6 097.92
02.517 1216 -007.6 098.00
02.517 1216 -007.6 098.08
02.517 1216 -007.6 098.16
02.517 1216 -007.6 098.25
02.432 1197 -007.6 098.34
02.432 1197 -007.6 098.42
02.432 1197 -007.6 098.50
02.432 1197 -007.6 098.59
02.432 1197 -007.6 098.69
02.432 1197 -007.6 098.78
02.432 1197 -007.6 098.87
02.443 1197 -007.6 098.95
02.443 1197 -007.6 099.03
02.443 1197 -007.6 099.12
02.443 1197 -007.6 099.21
02.443 1197 -007.6 099.30
02.443 1197 -007.6 099.39
02.443 1197 -007.6 099.49
02.566 1216 -007.9 099.57
02.566 1216 -007.9 099.65
02.566 1216 -007.9 099.74
02.566 1216 -007.9 099.82
02.566 1216 -007.9 099.90
02.566 1216 -007.9 099.99
02.566 1216 -007.9 100.07
02.472 1197 -008.0 100.15
02.472 1197 -008.0 100.23
02.472 1197 -008.0 100.31
02.472 1197 -008.0 100.40
02.472 1197 -008.0 100.50
02.472 1197 -008.0 100.59
02.472 1197 -008.0 100.68
02.427 1216 -008.0 100.77
02.427 1216 -008.0 100.86
02.427 1216 -008.0 100.94
02.427 1216 -008.0 101.03
02.427 1216 -008.0 101.11
02.427 1216 -008.0 101.20
02.427 1216 -008.0 101.29
02.522 1216 -008.1 101.37
02.522 1216 -008.1 101.46
02.522 1216 -008.1 101.54
02.522 1216 -008.1 101.62
02.522 1216 -008.1 101.71
02.522 1216 -008.1 101.81
02.522 1216 -008.1 101.89
02.433 1197 -008.0 101.99
02.433 1197 -008.0 102.08
02.433 1197 -008.0 102.17
02.433 1197 -008.0 102.25
02.433 1197 -008.0 102.35
02.433 1197 -008.0 102.43
02.438 1216 -008.1 102.52
02.438 1216 -008.1 102.61
02.438 1216 -008.1 102.71
02.438 1216 -008.1 102.79
02.438 1216 -008.1 102.87
02.438 1216 -008.1 102.96
02.438 1216 -008.1 103.04
02.527 1197 -008.1 103.12
02.527 1197 -008.2 103.22
02.527 1197 -008.2 103.31
02.527 1197 -008.2 103.40
02.527 1197 -008.2 103.48
02.527 1197 -008.2 103.57
02.527 1197 -008.2 103.65
02.441 1197 -008.1 103.73
02.441 1197 -008.1 103.82
02.441 1197 -008.1 103.91
02.441 1197 -008.1 103.99
02.441 1197 -008.1 104.08
02.441 1197 -008.1 104.16
02.441 1197 -008.1 104.24
02.399 1216 -008.1 104.32
02.399 1216 -008.5 104.41
02.399 1216 -008.5 104.49
02.399 1216 -008.5 104.59
02.399 1216 -008.5 104.68
02.399 1216 -008.5 104.76
02.399 1216 -008.5 104.85
02.482 1197 -008.3 104.95
02.482 1197 -008.3 105.04
02.482 1197 -008.3 105.13
02.482 1197 -008.3 105.22
02.482 1197 -008.3 105.30
02.482 1197 -008.3 105.38
02.482 1197 -008.3 105.46
02.548 1216 -008.3 105.55
02.548 1216 -008.3 105.65
02.548 1216 -008.3 105.73
02.548 1216 -008.3 105.83
02.548 1216 -008.3 105.91
02.548 1216 -008.3 105.99
02.548 1216 -008.3 106.10
02.443 1216 -008.1 106.18
02.443 1216 -008.1 106.26
02.443 1216 -008.1 106.35
02.443 1216 -008.1 106.43
02.443 1216 -008.1 106.52
02.443 1216 -008.1 106.61
02.443 1216 -008.1 106.70
02.425 1235 -008.3 106.78
02.425 1235 -008.3 106.88
02.425 1235 -008.3 106.96
02.425 1235 -008.3 107.05
02.425 1235 -008.3 107.15
02.425 1235 -008.3 107.23
02.42 1235 -008.3 107.32
02.42 1216 -008.3 107.40
02.42 1216 -008.3 107.49
02.42 1216 -008.3 107.57
02.42 1216 -008.3 107.65
02.42 1216 -008.3 107.74
02.42 1216 -008.3 107.82
02.42 1216 -008.3 107.90
02.505 1197 -008.4 107.98
02.505 1197 -008.4 108.06
02.505 1197 -008.4 108.16
02.505 1197 -008.4 108.25
02.505 1197 -008.4 108.33
02.505 1197 -008.4 108.42
02.505 1197 -008.4 108.50
02.451 1216 -008.5 108.59
02.451 1216 -008.5 108.68
02.451 1216 -008.5 108.77
02.451 1216 -008.5 108.85
02.451 1216 -008.5 108.93
02.451 1216 -008.5 109.02
02.451 1216 -008.5 109.11
02.425 1197 -008.2 109.19
02.425 1197 -008.2 109.27
02.425 1197 -008.2 109.35
02.425 1197 -008.2 109.44
02.425 1197 -008.2 109.52
02.425 1197 -008.2 109.61
02.425 1197 -008.2 109.70
02.483 1216 -008.3 109.79
02.483 1216 -008.3 109.87
02.483 1216 -008.3 109.96
02.483 1216 -008.3 110.06
02.483 1216 -008.3 110.14
02.483 1216 -008.3 110.22
02.483 1216 -008.3 110.30
02.511 1216 -008.5 110.39
02.511 1216 -008.5 110.47
02.511 1216 -008.5 110.57
02.511 1216 -008.5 110.65
02.511 1216 -008.5 110.74
02.511 1216 -008.5 110.82
02.511 1216 -008.5 110.91
02.433 1197 -008.5 111.01
02.433 1197 -008.5 111.10
02.433 1197 -008.5 111.20
02.433 1197 -008.5 111.28
02.433 1197 -008.5 111.36
02.433 1197 -008.5 111.44
02.433 1197 -008.5 111.53
02.561 1197 -008.9 111.62
02.561 1197 -008.9 111.71
02.561 1197 -008.9 111.79
02.561 1197 -008.9 111.87
02.561 1197 -008.9 111.95
02.561 1197 -008.9 112.03
02.561 1197 -008.9 112.11
02.558 1216 -008.8 112.21
02.558 1216 -008.8 112.29
02.558 1216 -008.8 112.37
02.558 1216 -008.8 112.47
02.558 1216 -008.8 112.55
02.558 1216 -008.8 112.63
02.558 1216 -008.8 112.71
02.498 1197 -008.8 112.80
02.498 1197 -008.8 112.89
02.498 1197 -008.8 112.97
02.498 1197 -008.8 113.05
02.498 1197 -008.8 113.13
02.498 1197 -008.8 113.24
02.498 1197 -008.8 113.32
02.597 1197 -008.6 113.40
02.597 1197 -008.6 113.50
02.597 1197 -008.6 113.59
02.597 1197 -008.6 113.67
02.597 1197 -008.6 113.75
02.597 1197 -008.6 113.83
02.597 1197 -008.6 113.91
02.561 1216 -008.8 114.00
02.561 1216 -008.8 114.08
02.561 1216 -008.8 114.16
02.561 1216 -008.8 114.24
02.561 1216 -008.8 114.32
02.561 1216 -008.8 114.41
02.561 1216 -008.8 114.49
02.488 1216 -008.8 114.57
02.488 1216 -008.8 114.66
02.488 1216 -008.8 114.76
02.488 1216 -008.8 114.86
02.488 1216 -008.8 114.94
02.488 1216 -008.8 115.02
02.488 1216 -008.8 115.11
02.5 1197 -008.5 115.20
02.5 1197 -008.5 115.28
02.5 1197 -008.5 115.36
02.5 1197 -008.5 115.44
02.5 1197 -008.5 115.52
02.5 1197 -008.5 115.61
02.5 1197 -008.5 115.69
02.652 1216 -008.4 115.77
02.652 1216 -008.4 115.86
02.652 1216 -008.4 115.95
02.652 1216 -008.4 116.05
02.652 1216 -008.4 116.13
02.652 1216 -008.4 116.23
02.652 1216 -008.4 116.31
02.526 1197 -008.9 116.40
02.526 1197 -008.9 116.48
02.526 1197 -008.9 116.56
02.526 1197 -008.9 116.66
02.526 1197 -008.9 116.74
02.526 1197 -008.9 116.82
02.526 1197 -008.9 116.91
02.524 1197 -008.9 116.99
02.524 1197 -008.9 117.07
02.524 1197 -008.9 117.15
02.524 1197 -008.9 117.25
02.524 1197 -008.9 117.35
02.524 1197 -008.9 117.43
02.524 1197 -008.9 117.51
02.569 1197 -009.2 117.61
02.569 1197 -009.2 117.71
02.569 1197 -009.2 117.79
02.569 1197 -009.2 117.89
02.569 1197 -009.2 117.98
02.569 1197 -009.2 118.06
02.569 1197 -009.2 118.14
02.462 1216 -009.0 118.22
02.462 1216 -009.0 118.31
02.462 1216 -009.0 118.39
02.462 1216 -009.0 118.48
02.462 1216 -009.0 118.55
02.462 1216 -009.0 118.64
02.462 1216 -009.0 118.74
02.475 1235 -009.1 118.82
02.475 1235 -009.1 118.91
02.475 1235 -009.1 118.99
02.475 1235 -009.1 119.07
02.475 1235 -009.1 119.15
02.475 1235 -009.1 119.25
02.475 1235 -009.1 119.34
02.582 1197 -009.2 119.42
02.582 1197 -009.2 119.50
02.582 1197 -009.2 119.58
02.582 1197 -009.2 119.67
02.582 1197 -009.2 119.75
02.582 1197 -009.2 119.85
02.582 1197 -009.2 119.94
02.485 1197 -009.2 120.02
02.485 1197 -009.2 120.11
02.485 1197 -009.2 120.19
02.485 1197 -009.2 120.28
02.485 1197 -009.2 120.38
02.485 1197 -009.2 120.47
02.485 1197 -009.2 120.55
02.477 1197 -009.2 120.63
02.477 1197 -009.2 120.71
02.477 1197 -009.2 120.81
02.477 1197 -009.2 120.89
02.477 1197 -009.2 120.97
02.477 1197 -009.2 121.07
02.477 1197 -009.2 121.15
02.524 1216 -009.1 121.24
02.524 1216 -009.1 121.32
02.524 1216 -009.1 121.40
02.524 1216 -009.1 121.48
02.524 1216 -009.1 121.57
02.524 1216 -009.1 121.67
02.524 1216 -009.1 121.75
02.545 1216 -009.2 121.83
02.545 1216 -009.2 121.91
02.545 1216 -009.2 122.00
02.545 1216 -009.2 122.08
02.545 1216 -009.2 122.17
02.545 1216 -009.2 122.26
02.545 1216 -009.2 122.34
02.517 1197 -009.3 122.42
02.517 1197 -009.3 122.50
02.517 1197 -009.3 122.59
02.517 1197 -009.3 122.69
02.517 1197 -009.3 122.77
02.517 1197 -009.3 122.85
02.517 1197 -009.3 122.93
02.542 1216 -009.2 123.02
02.542 1216 -009.2 123.10
02.542 1216 -009.2 123.18
02.542 1216 -009.2 123.27
02.542 1216 -009.2 123.35
02.542 1216 -009.2 123.43
02.542 1216 -009.2 123.51
02.624 1197 -009.2 123.60
02.624 1197 -009.2 123.69
02.624 1197 -009.2 123.77
02.624 1197 -009.2 123.86
02.624 1197 -009.2 123.95
02.624 1197 -009.2 124.03
02.624 1197 -009.2 124.11
02.594 1216 -009.3 124.21
02.594 1216 -009.3 124.29
02.594 1216 -009.3 124.38
02.594 1216 -009.3 124.47
02.594 1216 -009.3 124.56
02.594 1216 -009.3 124.66
02.594 1216 -009.3 124.75
02.62 1216 -009.2 124.85
02.62 1216 -009.2 124.92
02.62 1216 -009.2 125.00
02.62 1216 -009.2 125.09
02.62 1216 -009.2 125.19
02.62 1216 -009.2 125.28
02.62 1216 -009.2 125.36
02.692 1216 -009.3 125.44
02.692 1216 -009.3 125.53
02.692 1216 -009.3 125.63
02.692 1216 -009.3 125.71
02.692 1216 -009.3 125.79
02.692 1216 -009.3 125.87
02.692 1216 -009.3 125.96
02.65 1197 -009.8 126.04
02.65 1197 -009.8 126.12
02.65 1197 -009.8 126.20
02.65 1197 -009.8 126.29
02.65 1197 -009.8 126.37
02.65 1197 -009.8 126.45
02.65 1197 -009.8 126.54
02.642 1216 -009.6 126.62
02.642 1216 -009.6 126.70
02.642 1216 -009.6 126.78
02.642 1216 -009.6 126.86
02.642 1216 -009.6 126.95
02.642 1216 -009.6 127.03
02.642 1216 -009.6 127.13
02.767 1197 -009.5 127.21
02.767 1197 -009.5 127.30
02.767 1197 -009.5 127.39
02.767 1197 -009.5 127.47
02.767 1197 -009.5 127.56
02.767 1197 -009.5 127.64
02.767 1197 -009.5 127.73
02.671 1197 -009.6 127.82
02.671 1197 -009.6 127.90
02.671 1197 -009.6 128.00
02.671 1197 -009.6 128.08
02.671 1197 -009.6 128.18
02.671 1197 -009.6 128.26
02.671 1197 -009.6 128.34
02.689 1197 -009.4 128.42
02.689 1197 -009.4 128.52
02.689 1197 -009.4 128.60
02.689 1197 -009.4 128.68
02.689 1197 -009.4 128.76
02.689 1197 -009.4 128.85
02.689 1197 -009.4 128.93
02.696 1197 -009.5 129.02
02.696 1197 -009.5 129.10
02.696 1197 -009.5 129.20
02.696 1197 -009.5 129.28
02.696 1197 -009.5 129.37
02.696 1197 -009.5 129.45
02.696 1197 -009.5 129.53
02.611 1216 -009.5 129.61
02.611 1216 -009.5 129.71
02.611 1216 -009.5 129.79
02.611 1216 -009.5 129.88
02.611 1216 -009.5 129.97
02.611 1216 -009.5 130.06
02.611 1216 -009.5 130.16
02.598 1197 -009.7 130.24
02.598 1197 -009.7 130.32
02.598 1197 -009.7 130.40
02.598 1197 -009.7 130.49
02.598 1197 -009.7 130.57
02.598 1197 -009.7 130.65
02.598 1197 -009.7 130.75
02.72 1216 -009.7 130.83
02.72 1216 -009.7 130.91
02.72 1216 -009.7 131.00
02.72 1216 -009.7 131.08
02.72 1216 -009.7 131.17
02.72 1216 -009.7 131.27
02.72 1216 -009.7 131.36
02.628 1197 -009.9 131.45
02.628 1197 -009.9 131.53
02.628 1197 -009.9 131.61
02.628 1197 -009.9 131.70
02.628 1197 -009.9 131.79
02.628 1197 -009.9 131.88
02.628 1197 -009.9 131.96
02.642 1197 -009.8 132.04
02.642 1197 -009.8 132.12
02.642 1197 -009.8 132.21
02.642 1197 -009.8 132.30
02.642 1197 -009.8 132.38
02.642 1197 -009.8 132.48
02.642 1197 -009.8 132.56
02.733 1197 -009.8 132.65
02.733 1197 -009.8 132.74
02.733 1197 -009.8 132.82
02.733 1197 -009.8 132.90
02.733 1197 -009.8 132.98
02.733 1197 -009.8 133.06
02.733 1197 -009.8 133.15
02.636 1216 -010.0 133.23
02.636 1216 -010.0 133.32
02.636 1216 -010.0 133.40
02.636 1216 -010.0 133.49
02.636 1216 -010.0 133.59
02.636 1216 -010.0 133.67
02.636 1216 -010.0 133.76
02.637 1197 -010.0 133.84
02.637 1197 -010.0 133.93
02.637 1197 -010.0 134.01
02.637 1197 -010.0 134.09
02.637 1197 -010.0 134.18
02.637 1197 -010.0 134.27
02.637 1197 -010.0 134.35
02.791 1197 -010.2 134.43
02.791 1197 -010.2 134.51
02.791 1197 -010.2 134.61
02.791 1197 -010.2 134.70
02.791 1197 -010.2 134.79
02.791 1197 -010.2 134.88
02.791 1197 -010.2 134.96
02.679 1216 -010.1 135.04
02.679 1216 -010.1 135.13
02.679 1216 -010.1 135.22
02.679 1216 -010.1 135.32
02.679 1216 -010.1 135.40
02.679 1216 -010.1 135.49
02.679 1216 -010.1 135.57
02.718 1197 -010.0 135.65
02.718 1197 -010.0 135.74
02.718 1197 -010.0 135.83
02.718 1197 -010.0 135.91
02.718 1197 -010.0 135.99
02.718 1197 -010.0 136.07
02.718 1197 -010.0 136.17
02.817 1197 -010.3 136.25
02.817 1197 -010.3 136.34
02.817 1197 -010.3 136.43
02.817 1197 -010.3 136.51
02.817 1197 -010.3 136.60
02.817 1197 -010.3 136.70
02.817 1197 -010.3 136.79
02.679 1216 -010.3 136.88
02.679 1216 -010.3 136.97
02.679 1216 -010.3 137.06
02.679 1216 -010.3 137.14
02.679 1216 -010.3 137.24
02.679 1216 -010.3 137.33
02.712 1216 -010.3 137.42
02.712 1197 -010.4 137.51
02.712 1197 -010.4 137.60
02.712 1197 -010.4 137.68
02.712 1197 -010.4 137.78
02.712 1197 -010.4 137.86
02.712 1197 -010.4 137.94
02.801 1197 -010.4 138.02
02.801 1197 -010.1 138.11
02.801 1197 -010.1 138.20
02.801 1197 -010.1 138.28
02.801 1197 -010.1 138.37
02.801 1197 -010.1 138.45
02.801 1197 -010.1 138.56
02.739 1197 -010.5 138.64
02.739 1197 -010.5 138.72
02.739 1197 -010.5 138.80
02.739 1197 -010.5 138.89
02.739 1197 -010.5 138.98
02.739 1197 -010.5 139.07
02.739 1197 -010.5 139.16
02.765 1216 -010.4 139.24
02.765 1216 -010.4 139.32
02.765 1216 -010.4 139.40
02.765 1216 -010.4 139.49
02.765 1216 -010.4 139.57
02.765 1216 -010.4 139.65
02.765 1216 -010.4 139.74
02.84 1197 -010.4 139.83
02.84 1197 -010.3 139.91
02.84 1197 -010.3 139.99
02.84 1197 -010.3 140.07
02.84 1197 -010.3 140.15
02.84 1197 -010.3 140.24
02.84 1197 -010.3 140.33
02.84 1197 -010.3 140.41
02.78 1216 -010.4 140.50
02.78 1216 -010.4 140.58
02.78 1216 -010.4 140.67
02.78 1216 -010.4 140.75
02.78 1216 -010.4 140.83
02.78 1216 -010.4 140.92
02.78 1216 -010.4 141.00
02.772 1197 -010.7 141.09
02.772 1197 -010.7 141.18
02.772 1197 -010.7 141.26
02.772 1197 -010.7 141.34
02.772 1197 -010.7 141.43
02.772 1197 -010.7 141.51
02.772 1197 -010.7 141.60
02.89 1197 -010.7 141.68
02.89 1197 -010.7 141.77
02.89 1197 -010.7 141.85
02.89 1197 -010.7 141.93
02.89 1197 -010.7 142.01
02.89 1197 -010.7 142.10
02.89 1197 -010.7 142.18
02.829 1197 -010.6 142.26
02.829 1197 -010.6 142.35
02.829 1197 -010.6 142.43
02.829 1197 -010.6 142.52
02.829 1197 -010.6 142.60
02.829 1197 -010.6 142.68
02.829 1197 -010.6 142.77
02.84 1216 -010.6 142.86
02.84 1216 -010.6 142.94
02.84 1216 -010.6 143.04
02.84 1216 -010.6 143.12
02.84 1216 -010.6 143.20
02.84 1216 -010.6 143.30
02.84 1216 -010.6 143.38
02.867 1197 -010.7 143.46
02.867 1197 -010.7 143.54
02.867 1197 -010.7 143.63
02.867 1197 -010.7 143.71
02.867 1197 -010.7 143.79
02.867 1197 -010.7 143.88
02.867 1197 -010.7 143.97
02.816 1197 -010.7 144.05
02.816 1197 -010.8 144.14
02.816 1197 -010.8 144.23
02.816 1197 -010.8 144.33
02.816 1197 -010.8 144.42
02.816 1197 -010.8 144.50
02.816 1197 -010.8 144.58
02.866 1216 -010.7 144.66
02.866 1216 -010.7 144.74
02.866 1216 -010.7 144.83
02.866 1216 -010.7 144.91
02.866 1216 -010.7 144.99
02.866 1216 -010.7 145.07
02.866 1216 -010.7 145.17
02.853 1197 -010.7 145.25
02.853 1197 -010.9 145.35
02.853 1197 -010.9 145.43
02.853 1197 -010.9 145.51
02.853 1197 -010.9 145.59
02.853 1197 -010.9 145.68
02.853 1197 -010.9 145.76
02.853 1197 -010.9 145.84
02.778 1197 -010.8 145.92
02.778 1197 -010.8 146.00
02.778 1197 -010.8 146.10
02.778 1197 -010.8 146.19
02.778 1197 -010.8 146.27
02.778 1197 -010.8 146.35
02.778 1197 -010.8 146.43
02.783 1197 -011.0 146.53
02.783 1197 -011.0 146.63
02.783 1197 -011.0 146.72
02.783 1197 -011.0 146.82
02.783 1197 -011.0 146.90
02.783 1197 -011.0 146.98
02.803 1216 -011.0 147.06
02.803 1216 -011.1 147.15
02.803 1216 -011.1 147.24
02.803 1216 -011.1 147.32
02.803 1216 -011.1 147.40
02.803 1216 -011.1 147.48
02.803 1216 -011.1 147.57
02.731 1197 -011.1 147.67
02.731 1197 -011.1 147.75
02.731 1197 -011.1 147.85
02.731 1197 -011.1 147.95
02.731 1197 -011.1 148.03
02.731 1197 -011.1 148.11
02.731 1197 -011.1 148.20
02.863 1197 -010.7 148.29
02.863 1197 -010.7 148.38
02.863 1197 -010.7 148.48
02.863 1197 -010.7 148.57
02.863 1197 -010.7 148.67
02.863 1197 -010.7 148.75
02.863 1197 -010.7 148.83
02.824 1197 -011.1 148.91
02.824 1197 -011.1 149.01
02.824 1197 -011.1 149.10
02.824 1197 -011.1 149.18
02.824 1197 -011.1 149.26
02.824 1197 -011.1 149.35
02.824 1197 -011.1 149.43
02.848 1216 -011.0 149.52
02.848 1216 -011.0 149.60
02.848 1216 -011.0 149.68
02.848 1216 -011.0 149.77
02.848 1216 -011.0 149.87
02.848 1216 -011.0 149.97
02.848 1216 -011.0 150.05
02.827 1197 -011.1 150.13
02.827 1197 -011.1 150.21
02.827 1197 -011.1 150.29
02.827 1197 -011.1 150.39
02.827 1197 -011.1 150.47
02.827 1197 -011.1 150.55
02.827 1197 -011.1 150.63
02.749 1197 -011.4 150.72
02.749 1197 -011.4 150.80
02.749 1197 -011.4 150.88
02.749 1197 -011.4 150.97
02.749 1197 -011.4 151.05
02.749 1197 -011.4 151.13
02.749 1197 -011.4 151.22
02.696 1197 -011.2 151.30
02.696 1197 -011.2 151.39
02.696 1197 -011.2 151.48
02.696 1197 -011.2 151.56
02.696 1197 -011.2 151.65
02.696 1197 -011.2 151.74
02.696 1197 -011.2 151.85
02.848 1216 -011.1 151.94
02.848 1216 -011.1 152.02
02.848 1216 -011.1 152.10
02.848 1216 -011.1 152.19
02.848 1216 -011.1 152.28
02.848 1216 -011.1 152.36
02.848 1216 -011.1 152.44
02.759 1197 -011.1 152.53
02.759 1197 -011.1 152.63
02.759 1197 -011.1 152.71
02.759 1197 -011.1 152.79
02.759 1197 -011.1 152.88
02.759 1197 -011.1 152.97
02.743 1197 -011.1 153.07
02.743 1197 -011.4 153.16
02.743 1197 -011.4 153.24
02.743 1197 -011.4 153.32
02.743 1197 -011.4 153.41
02.743 1197 -011.4 153.50
02.743 1197 -011.4 153.58
02.743 1197 -011.4 153.66
02.825 1197 -011.4 153.74
02.825 1197 -011.4 153.83
02.825 1197 -011.4 153.91
02.825 1197 -011.4 153.99
02.825 1197 -011.4 154.08
02.825 1197 -011.4 154.16
02.825 1197 -011.4 154.25
02.712 1216 -011.5 154.33
02.712 1216 -011.5 154.41
02.712 1216 -011.5 154.50
02.712 1216 -011.5 154.59
02.712 1216 -011.5 154.68
02.712 1216 -011.5 154.77
02.712 1216 -011.5 154.86
02.731 1197 -011.4 154.94
02.731 1197 -011.4 155.02
02.731 1197 -011.4 155.11
02.731 1197 -011.4 155.21
02.731 1197 -011.4 155.30
02.731 1197 -011.4 155.38
02.731 1197 -011.4 155.47
02.85 1197 -011.6 155.56
02.85 1197 -011.6 155.66
02.85 1197 -011.6 155.74
02.85 1197 -011.6 155.82
02.85 1197 -011.6 155.90
02.85 1197 -011.6 155.98
02.85 1197 -011.6 156.06
02.676 1197 -011.7 156.15
02.676 1197 -011.7 156.23
02.676 1197 -011.7 156.32
02.676 1197 -011.7 156.40
02.676 1197 -011.7 156.49
02.676 1197 -011.7 156.57
02.676 1197 -011.7 156.66
02.759 1216 -011.6 156.74
02.759 1216 -011.6 156.82
02.759 1216 -011.6 156.90
02.759 1216 -011.6 156.99
02.759 1216 -011.6 157.07
02.759 1216 -011.6 157.15
02.759 1216 -011.6 157.23
02.806 1216 -011.9 157.32
02.806 1216 -011.9 157.40
02.806 1216 -011.9 157.49
02.806 1216 -011.9 157.57
02.806 1216 -011.9 157.65
02.806 1216 -011.9 157.74
02.806 1216 -011.9 157.83
02.739 1197 -011.8 157.92
02.739 1197 -011.8 157.99
02.739 1197 -011.8 158.08
02.739 1197 -011.8 158.16
02.739 1197 -011.8 158.25
02.739 1197 -011.8 158.33
02.739 1197 -011.8 158.41
02.704 1197 -011.8 158.51
02.704 1197 -011.8 158.59
02.704 1197 -011.8 158.67
02.704 1197 -011.8 158.76
02.704 1197 -011.8 158.84
02.704 1197 -011.8 158.92
02.704 1197 -011.8 159.01
02.704 1197 -011.8 159.09
02.824 1216 -011.9 159.17
02.824 1216 -011.9 159.26
02.824 1216 -011.9 159.34
02.824 1216 -011.9 159.43
02.824 1216 -011.9 159.51
02.824 1216 -011.9 159.59
02.824 1216 -011.9 159.67
02.773 1197 -011.9 159.75
02.773 1197 -011.9 159.83
02.773 1197 -011.9 159.92
02.773 1197 -011.9 160.00
02.773 1197 -011.9 160.08
02.773 1197 -011.9 160.17
02.773 1197 -011.9 160.25
02.752 1216 -012.0 160.34
02.752 1216 -012.0 160.42
02.752 1216 -012.0 160.51
02.752 1216 -012.0 160.59
02.752 1216 -012.0 160.67
02.752 1216 -012.0 160.76
02.752 1216 -012.0 160.85
02.845 1197 -012.0 160.93
02.845 1197 -012.0 161.02
02.845 1197 -012.0 161.10
02.845 1197 -012.0 161.18
02.845 1197 -012.0 161.27
02.845 1197 -012.0 161.35
02.845 1197 -012.0 161.44
02.751 1216 -012.2 161.52
02.751 1216 -012.2 161.60
02.751 1216 -012.2 161.69
02.751 1216 -012.2 161.78
02.751 1216 -012.2 161.87
02.751 1216 -012.2 161.95
02.751 1216 -012.2 162.05
02.759 1197 -012.2 162.13
02.759 1197 -012.2 162.21
02.759 1197 -012.2 162.30
02.759 1197 -012.2 162.38
02.759 1197 -012.2 162.46
02.759 1197 -012.2 162.55
02.759 1197 -012.2 162.63
02.854 1197 -012.2 162.71
02.854 1197 -012.4 162.79
02.854 1197 -012.4 162.88
02.854 1197 -012.4 162.96
02.854 1197 -012.4 163.04
02.854 1197 -012.4 163.12
02.854 1197 -012.4 163.20
02.854 1197 -012.4 163.30
02.806 1216 -012.0 163.38
02.806 1216 -012.0 163.49
02.806 1216 -012.0 163.57
02.806 1216 -012.0 163.65
02.806 1216 -012.0 163.75
02.806 1216 -012.0 163.84
02.77 1197 -012.0 163.92
02.77 1197 -012.4 164.00
02.77 1197 -012.4 164.09
02.77 1197 -012.4 164.17
02.77 1197 -012.4 164.25
02.77 1197 -012.4 164.34
02.77 1197 -012.4 164.43
02.832 1197 -012.4 164.51
02.832 1235 -012.4 164.59
02.832 1235 -012.4 164.68
02.832 1235 -012.4 164.76
02.832 1235 -012.4 164.84
02.832 1235 -012.4 164.93
02.832 1235 -012.4 165.01
02.832 1235 -012.4 165.09
02.733 1197 -012.5 165.18
02.733 1197 -012.5 165.26
02.733 1197 -012.5 165.34
02.733 1197 -012.5 165.43
02.733 1197 -012.5 165.52
02.733 1197 -012.5 165.60
02.733 1197 -012.5 165.68
02.683 1216 -012.4 165.77
02.683 1216 -012.4 165.86
02.683 1216 -012.4 165.95
02.683 1216 -012.4 166.04
02.683 1216 -012.4 166.14
02.683 1216 -012.4 166.22
02.683 1216 -012.4 166.30
02.903 1197 -012.4 166.39
02.903 1197 -012.4 166.49
02.903 1197 -012.4 166.58
02.903 1197 -012.4 166.68
02.903 1197 -012.4 166.76
02.903 1197 -012.4 166.85
02.919 1197 -012.4 166.93
02.919 1216 -012.5 167.02
02.919 1216 -012.5 167.12
02.919 1216 -012.5 167.20
02.919 1216 -012.5 167.29
02.919 1216 -012.5 167.39
02.919 1216 -012.5 167.48
02.751 1197 -012.7 167.56
02.751 1197 -012.7 167.64
02.751 1197 -012.7 167.74
02.751 1197 -012.7 167.82
02.751 1197 -012.7 167.90
02.751 1197 -012.7 167.99
02.751 1197 -012.7 168.09
02.867 1197 -012.7 168.17
02.867 1197 -012.7 168.25
02.867 1197 -012.7 168.33
02.867 1197 -012.7 168.41
02.867 1197 -012.7 168.50
02.867 1197 -012.7 168.58
02.867 1197 -012.7 168.68
02.746 1197 -012.9 168.76
02.746 1197 -012.9 168.85
02.746 1197 -012.9 168.93
02.746 1197 -012.9 169.02
02.746 1197 -012.9 169.11
02.746 1197 -012.9 169.19
02.746 1197 -012.9 169.28
02.704 1216 -012.6 169.37
02.704 1216 -012.6 169.46
02.704 1216 -012.6 169.54
02.704 1216 -012.6 169.62
02.704 1216 -012.6 169.71
02.704 1216 -012.6 169.81
02.704 1216 -012.6 169.90
02.824 1197 -012.7 169.98
02.824 1197 -012.7 170.06
02.824 1197 -012.7 170.15
02.824 1197 -012.7 170.24
02.824 1197 -012.7 170.32
02.824 1197 -012.7 170.40
02.824 1197 -012.7 170.49
02.775 1197 -012.7 170.57
02.775 1197 -012.7 170.65
02.775 1197 -012.7 170.74
02.775 1197 -012.7 170.82
02.775 1197 -012.7 170.90
02.775 1197 -012.7 171.00
02.775 1197 -012.7 171.08
02.705 1216 -012.5 171.16
02.705 1216 -012.5 171.24
02.705 1216 -012.5 171.32
02.705 1216 -012.5 171.41
02.705 1216 -012.5 171.49
02.705 1216 -012.5 171.57
02.705 1216 -012.5 171.65
02.882 1197 -012.5 171.74
02.882 1197 -013.0 171.82
02.882 1197 -013.0 171.90
02.882 1197 -013.0 171.99
02.882 1197 -013.0 172.08
02.882 1197 -013.0 172.15
02.882 1197 -013.0 172.24
02.882 1197 -013.0 172.32
02.783 1197 -013.0 172.40
02.783 1197 -013.0 172.49
02.783 1197 -013.0 172.57
02.783 1197 -013.0 172.65
02.783 1197 -013.0 172.73
02.783 1197 -013.0 172.82
02.783 1197 -013.0 172.90
02.702 1197 -012.7 172.98
02.702 1197 -012.7 173.07
02.702 1197 -012.7 173.15
02.702 1197 -012.7 173.23
02.702 1197 -012.7 173.32
02.702 1197 -012.7 173.40
02.702 1197 -012.7 173.50
02.871 1235 -012.9 173.58
02.871 1235 -012.9 173.67
02.871 1235 -012.9 173.76
02.871 1235 -012.9 173.85
02.871 1235 -012.9 173.93
02.871 1235 -012.9 174.02
02.871 1235 -012.9 174.11
02.799 1197 -012.9 174.19
02.799 1197 -012.9 174.27
02.799 1197 -012.9 174.35
02.799 1197 -012.9 174.44
02.799 1197 -012.9 174.52
02.799 1197 -012.9 174.60
02.799 1197 -012.9 174.69
02.778 1197 -012.9 174.77
02.778 1197 -013.2 174.85
02.778 1197 -013.2 174.94
02.778 1197 -013.2 175.04
02.778 1197 -013.2 175.12
02.778 1197 -013.2 175.20
02.778 1197 -013.2 175.28
02.945 1216 -013.4 175.37
02.945 1216 -013.4 175.45
02.945 1216 -013.4 175.54
02.945 1216 -013.4 175.63
02.945 1216 -013.4 175.71
02.945 1216 -013.4 175.79
02.945 1216 -013.4 175.88
02.84 1197 -013.6 175.97
02.84 1197 -013.6 176.05
02.84 1197 -013.6 176.14
02.84 1197 -013.6 176.22
02.84 1197 -013.6 176.30
02.84 1197 -013.6 176.39
02.84 1197 -013.6 176.48
02.749 1197 -013.3 176.57
02.749 1197 -013.3 176.66
02.749 1197 -013.3 176.75
02.749 1197 -013.3 176.83
02.749 1197 -013.3 176.91
02.749 1197 -013.3 177.00
02.749 1197 -013.3 177.09
02.869 1216 -013.6 177.18
02.869 1216 -013.6 177.26
02.869 1216 -013.6 177.34
02.869 1216 -013.6 177.43
02.869 1216 -013.6 177.51
02.869 1216 -013.6 177.60
02.869 1216 -013.6 177.69
02.819 1197 -013.6 177.77
02.819 1197 -013.6 177.86
02.819 1197 -013.6 177.94
02.819 1197 -013.6 178.02
02.819 1197 -013.6 178.11
02.819 1197 -013.6 178.20
02.819 1197 -013.6 178.28
02.853 1216 -013.6 178.37
02.853 1216 -013.6 178.46
02.853 1216 -013.6 178.54
02.853 1216 -013.6 178.62
02.853 1216 -013.6 178.71
02.853 1216 -013.6 178.80
02.853 1216 -013.6 178.88
02.898 1216 -013.6 178.97
02.898 1216 -013.9 179.05
02.898 1216 -013.9 179.13
02.898 1216 -013.9 179.22
02.898 1216 -013.9 179.30
02.898 1216 -013.9 179.39
02.898 1216 -013.9 179.47
02.898 1216 -013.9 179.55
02.76 1216 -013.9 179.63
02.76 1216 -013.9 179.72
02.76 1216 -013.9 179.80
02.76 1216 -013.9 179.88
02.76 1216 -013.9 179.97
02.76 1216 -013.9 180.05
02.76 1216 -013.9 180.13
02.765 1197 -014.0 180.21
02.765 1197 -014.0 180.30
02.765 1197 -014.0 180.38
02.765 1197 -014.0 180.47
02.765 1197 -014.0 180.56
02.765 1197 -014.0 180.64
02.765 1197 -014.0 180.73
02.832 1197 -014.1 180.81
02.832 1197 -014.1 180.89
02.832 1197 -014.1 180.98
02.832 1197 -014.1 181.05
02.832 1197 -014.1 181.14
02.832 1197 -014.1 181.22
02.832 1197 -014.1 181.30
02.712 1216 -014.1 181.39
02.712 1216 -014.1 181.48
02.712 1216 -014.1 181.56
02.712 1216 -014.1 181.65
02.712 1216 -014.1 181.73
02.712 1216 -014.1 181.82
02.712 1216 -014.1 181.90
02.759 1216 -014.1 181.98
02.759 1216 -014.2 182.06
02.759 1216 -014.2 182.15
02.759 1216 -014.2 182.23
02.759 1216 -014.2 182.31
02.759 1216 -014.2 182.39
02.759 1216 -014.2 182.47
02.759 1216 -014.2 182.56
02.814 1197 -014.2 182.64
02.814 1197 -014.2 182.72
02.814 1197 -014.2 182.81
02.814 1197 -014.2 182.89
02.814 1197 -014.2 182.98
02.814 1197 -014.2 183.06
02.814 1197 -014.2 183.14
02.702 1216 -014.5 183.22
02.702 1216 -014.5 183.31
02.702 1216 -014.5 183.41
02.702 1216 -014.5 183.49
02.702 1216 -014.5 183.57
02.702 1216 -014.5 183.65
02.702 1216 -014.5 183.74
02.806 1197 -014.3 183.82
02.806 1197 -014.3 183.91
02.806 1197 -014.3 183.99
02.806 1197 -014.3 184.07
02.806 1197 -014.3 184.15
02.806 1197 -014.3 184.23
02.806 1197 -014.3 184.32
02.76 1197 -014.4 184.40
02.76 1197 -014.4 184.48
02.76 1197 -014.4 184.56
02.76 1197 -014.4 184.65
02.76 1197 -014.4 184.73
02.76 1197 -014.4 184.82
02.76 1197 -014.4 184.90
02.791 1197 -014.4 184.98
02.791 1197 -014.5 185.06
02.791 1197 -014.5 185.15
02.791 1197 -014.5 185.23
02.791 1197 -014.5 185.31
02.791 1197 -014.5 185.40
02.791 1197 -014.5 185.48
02.791 1197 -014.5 185.58
02.885 1197 -014.4 185.66
02.885 1197 -014.4 185.73
02.885 1197 -014.4 185.83
02.885 1197 -014.4 185.91
02.885 1197 -014.4 186.00
02.885 1197 -014.4 186.09
02.885 1197 -014.4 186.17
02.812 1197 -014.3 186.25
02.812 1197 -014.3 186.33
02.812 1197 -014.3 186.42
02.812 1197 -014.3 186.50
02.812 1197 -014.3 186.58
02.812 1197 -014.3 186.66
02.812 1197 -014.3 186.75
02.919 1197 -014.4 186.84
02.919 1197 -014.4 186.92
02.919 1197 -014.4 187.00
02.919 1197 -014.4 187.09
02.919 1197 -014.4 187.17
02.919 1197 -014.4 187.25
02.919 1197 -014.4 187.34
02.854 1197 -014.7 187.41
02.854 1197 -014.7 187.50
02.854 1197 -014.7 187.59
02.854 1197 -014.7 187.68
02.854 1197 -014.7 187.76
02.854 1197 -014.7 187.86
02.854 1197 -014.7 187.94
02.79 1197 -014.8 188.02
02.79 1197 -014.8 188.11
02.79 1197 -014.8 188.20
02.79 1197 -014.8 188.29
02.79 1197 -014.8 188.38
02.79 1197 -014.8 188.46
02.79 1197 -014.8 188.56
02.945 1197 -014.7 188.65
02.945 1197 -014.7 188.73
02.945 1197 -014.7 188.83
02.945 1197 -014.7 188.92
02.945 1197 -014.7 189.00
02.945 1197 -014.7 189.08
02.945 1197 -014.7 189.17
02.772 1197 -014.9 189.25
02.772 1197 -014.9 189.35
02.772 1197 -014.9 189.44
02.772 1197 -014.9 189.52
02.772 1197 -014.9 189.60
02.772 1197 -014.9 189.69
02.772 1197 -014.9 189.76
02.879 1197 -014.9 189.85
02.879 1197 -014.9 189.93
02.879 1197 -014.9 190.01
02.879 1197 -014.9 190.10
02.879 1197 -014.9 190.20
02.879 1197 -014.9 190.28
02.879 1197 -014.9 190.36
02.869 1197 -014.7 190.45
02.869 1197 -014.7 190.53
02.869 1197 -014.7 190.61
02.869 1197 -014.7 190.69
02.869 1197 -014.7 190.77
02.869 1197 -014.7 190.85
02.869 1197 -014.7 190.94
02.819 1216 -014.9 191.02
02.819 1216 -014.9 191.10
02.819 1216 -014.9 191.19
02.819 1216 -014.9 191.27
02.819 1216 -014.9 191.36
02.819 1216 -014.9 191.44
02.819 1216 -014.9 191.52
02.892 1216 -014.9 191.60
02.892 1197 -014.9 191.69
02.892 1197 -014.9 191.77
02.892 1197 -014.9 191.85
02.892 1197 -014.9 191.94
02.892 1197 -014.9 192.02
02.892 1197 -014.9 192.10
02.892 1197 -014.9 192.19
02.793 1197 -014.8 192.27
02.793 1197 -014.8 192.38
02.793 1197 -014.8 192.46
02.793 1197 -014.8 192.54
02.793 1197 -014.8 192.63
02.793 1197 -014.8 192.71
02.91 1197 -014.8 192.80
02.91 1197 -015.1 192.88
02.91 1197 -015.1 192.97
02.91 1197 -015.1 193.05
02.91 1197 -015.1 193.13
02.91 1197 -015.1 193.22
02.91 1197 -015.1 193.30
02.91 1197 -015.1 193.38
02.991 1197 -015.1 193.47
02.991 1197 -015.1 193.55
02.991 1197 -015.1 193.63
02.991 1197 -015.1 193.72
02.991 1197 -015.1 193.80
02.991 1197 -015.1 193.88
02.991 1197 -015.1 193.97
02.83 1216 -015.1 194.06
02.83 1216 -015.1 194.15
02.83 1216 -015.1 194.23
02.83 1216 -015.1 194.32
02.83 1216 -015.1 194.40
02.83 1216 -015.1 194.48
02.83 1216 -015.1 194.57
02.952 1178 -015.0 194.65
02.952 1178 -015.0 194.74
02.952 1178 -015.0 194.82
02.952 1178 -015.0 194.90
02.952 1178 -015.0 194.98
02.952 1178 -015.0 195.06
02.952 1178 -015.0 195.15
02.864 1197 -015.0 195.23
02.864 1197 -015.1 195.32
02.864 1197 -015.1 195.40
02.864 1197 -015.1 195.48
02.864 1197 -015.1 195.57
02.864 1197 -015.1 195.65
02.864 1197 -015.1 195.73
02.871 1197 -015.1 195.82
02.871 1216 -015.1 195.90
02.871 1216 -015.1 196.00
02.871 1216 -015.1 196.09
02.871 1216 -015.1 196.17
02.871 1216 -015.1 196.25
02.871 1216 -015.1 196.34
02.699 1216 -015.1 196.42
02.699 1216 -015.2 196.51
02.699 1216 -015.2 196.59
02.699 1216 -015.2 196.68
02.699 1216 -015.2 196.76
02.699 1216 -015.2 196.86
02.699 1216 -015.2 196.94
02.349 1216 -015.2 197.03
02.349 1216 -015.2 197.12
02.349 1216 -015.2 197.20
02.349 1216 -015.2 197.28
02.349 1216 -015.2 197.39
02.349 1216 -015.2 197.48
02.349 1216 -015.2 197.57
02.121 1216 -015.4 197.66
02.121 1216 -015.4 197.76
02.121 1216 -015.4 197.84
02.121 1216 -015.4 197.93
02.121 1216 -015.4 198.01
02.121 1216 -015.4 198.09
02.121 1216 -015.4 198.17
02.012 1216 -015.5 198.26
02.012 1216 -015.5 198.34
02.012 1216 -015.5 198.42
02.012 1216 -015.5 198.51
02.012 1216 -015.5 198.59
02.012 1216 -015.5 198.68
02.012 1216 -015.5 198.76
01.97 1216 -015.5 198.85
01.97 1216 -015.5 198.94
01.97 1216 -015.5 199.02
01.97 1216 -015.5 199.11
01.97 1216 -015.5 199.19
01.97 1216 -015.5 199.27
01.97 1216 -015.5 199.35
01.97 1216 -015.5 199.44
01.92 1216 -015.4 199.52
01.92 1216 -015.4 199.62
01.92 1216 -015.4 199.71
01.92 1216 -015.4 199.80
01.92 1216 -015.4 199.90
01.92 1216 -015.4 199.99
01.792 1235 -015.4 200.08
01.792 1235 -015.4 200.16
01.792 1235 -015.4 200.25
01.792 1235 -015.4 200.35
01.792 1235 -015.4 200.44
01.792 1235 -015.4 200.53
01.792 1235 -015.4 200.63
01.738 1216 -015.5 200.73
01.738 1216 -015.5 200.81
01.738 1216 -015.5 200.89
01.738 1216 -015.5 200.98
01.738 1216 -015.5 201.06
01.738 1216 -015.5 201.14
01.738 1216 -015.5 201.22
01.643 1235 -015.6 201.31
01.643 1235 -015.6 201.39
01.643 1235 -015.6 201.48
01.643 1235 -015.6 201.57
01.643 1235 -015.6 201.65
01.643 1235 -015.6 201.75
01.575 1235 -015.6 201.84
01.575 1235 -015.5 201.92
01.575 1235 -015.5 202.00
01.575 1235 -015.5 202.08
01.575 1235 -015.5 202.16
01.575 1235 -015.5 202.26
01.575 1235 -015.5 202.34
01.575 1235 -015.5 202.42
01.531 1254 -015.6 202.51
01.531 1254 -015.6 202.59
01.531 1254 -015.6 202.68
01.531 1254 -015.6 202.76
01.531 1254 -015.6 202.86
01.531 1254 -015.6 202.94
01.531 1254 -015.6 203.03
01.528 1216 -015.5 203.11
01.528 1216 -015.5 203.19
01.528 1216 -015.5 203.27
01.528 1216 -015.5 203.36
01.528 1216 -015.5 203.44
01.528 1216 -015.5 203.53
01.528 1216 -015.5 203.63
01.495 1235 -015.7 203.73
01.495 1235 -015.7 203.83
01.495 1235 -015.7 203.93
01.495 1235 -015.7 204.02
01.495 1235 -015.7 204.11
01.495 1235 -015.7 204.20
01.46 1235 -015.5 204.29
01.46 1235 -015.5 204.38
01.46 1235 -015.5 204.46
01.46 1235 -015.5 204.54
01.46 1235 -015.5 204.62
01.46 1235 -015.5 204.71
01.46 1235 -015.5 204.79
01.4 1254 -015.8 204.88
01.4 1254 -015.8 204.95
01.4 1254 -015.8 205.04
01.4 1254 -015.8 205.13
01.4 1254 -015.8 205.23
01.4 1254 -015.8 205.31
01.4 1254 -015.8 205.39
01.39 1235 -015.8 205.48
01.39 1235 -015.8 205.56
01.39 1235 -015.8 205.64
01.39 1235 -015.8 205.73
01.39 1235 -015.8 205.81
01.39 1235 -015.8 205.89
01.39 1235 -015.8 205.97
01.372 1235 -015.8 206.06
01.372 1235 -015.8 206.16
01.372 1235 -015.8 206.24
01.372 1235 -015.8 206.32
01.372 1235 -015.8 206.40
01.372 1235 -015.8 206.49
01.372 1235 -015.8 206.59
01.395 1235 -015.7 206.67
01.395 1235 -015.7 206.75
01.395 1235 -015.7 206.84
01.395 1235 -015.7 206.92
01.395 1235 -015.7 207.00
01.395 1235 -015.7 207.10
01.395 1235 -015.7 207.18
01.346 1235 -015.7 207.27
01.346 1235 -015.8 207.36
01.346 1235 -015.8 207.44
01.346 1235 -015.8 207.52
01.346 1235 -015.8 207.61
01.346 1235 -015.8 207.69
01.346 1235 -015.8 207.77
01.346 1235 -015.8 207.86
01.312 1235 -015.7 207.93
01.312 1235 -015.7 208.03
01.312 1235 -015.7 208.12
01.312 1235 -015.7 208.21
01.312 1235 -015.7 208.30
01.312 1235 -015.7 208.41
01.299 1235 -015.8 208.50
01.299 1235 -015.8 208.59
01.299 1235 -015.8 208.68
01.299 1235 -015.8 208.76
01.299 1235 -015.8 208.84
01.299 1235 -015.8 208.93
01.299 1235 -015.8 209.01
01.244 1273 -015.8 209.10
01.244 1273 -015.8 209.18
01.244 1273 -015.8 209.26
01.244 1273 -015.8 209.34
01.244 1273 -015.8 209.43
01.244 1273 -015.8 209.51
01.244 1273 -015.8 209.60
01.293 1254 -015.9 209.69
01.293 1254 -015.9 209.77
01.293 1254 -015.9 209.85
01.293 1254 -015.9 209.93
01.293 1254 -015.9 210.03
01.293 1254 -015.9 210.11
01.293 1254 -015.9 210.19
01.273 1216 -015.9 210.28
01.273 1216 -015.8 210.38
01.273 1216 -015.8 210.46
01.273 1216 -015.8 210.55
01.273 1216 -015.8 210.64
01.273 1216 -015.8 210.73
01.273 1216 -015.8 210.81
01.299 1235 -015.7 210.89
01.299 1235 -015.7 210.97
01.299 1235 -015.7 211.06
01.299 1235 -015.7 211.14
01.299 1235 -015.7 211.23
01.299 1235 -015.7 211.31
01.299 1235 -015.7 211.39
01.233 1235 -015.7 211.48
01.233 1235 -016.0 211.56
01.233 1235 -016.0 211.64
01.233 1235 -016.0 211.72
01.233 1235 -016.0 211.80
01.233 1235 -016.0 211.89
01.233 1235 -016.0 211.97
01.233 1235 -016.0 212.05
01.273 1235 -015.8 212.13
01.273 1235 -015.8 212.22
01.273 1235 -015.8 212.30
01.273 1235 -015.8 212.39
01.273 1235 -015.8 212.47
01.273 1235 -015.8 212.55
01.273 1235 -015.8 212.64
01.265 1254 -016.1 212.72
01.265 1254 -016.1 212.82
01.265 1254 -016.1 212.90
01.265 1254 -016.1 212.99
01.265 1254 -016.1 213.08
01.265 1254 -016.1 213.16
01.265 1254 -016.1 213.24
01.239 1235 -015.9 213.33
01.239 1235 -015.9 213.41
01.239 1235 -015.9 213.49
01.239 1235 -015.9 213.59
01.239 1235 -015.9 213.67
01.239 1235 -015.9 213.75
01.239 1235 -015.9 213.86
01.249 1254 -016.2 213.95
01.249 1254 -016.2 214.03
01.249 1254 -016.2 214.12
01.249 1254 -016.2 214.22
01.249 1254 -016.2 214.30
01.249 1254 -016.2 214.39
01.249 1254 -016.2 214.47
01.254 1235 -016.3 214.55
01.254 1235 -016.3 214.65
01.254 1235 -016.3 214.74
01.254 1235 -016.3 214.82
01.254 1235 -016.3 214.91
01.254 1235 -016.3 214.99
01.254 1235 -016.3 215.07
01.254 1216 -016.1 215.16
01.254 1216 -016.1 215.24
01.254 1216 -016.1 215.33
01.254 1216 -016.1 215.41
01.254 1216 -016.1 215.50
01.254 1216 -016.1 215.58
01.254 1216 -016.1 215.66
01.221 1254 -016.0 215.75
01.221 1254 -016.0 215.83
01.221 1254 -016.0 215.91
01.221 1254 -016.0 216.02
01.221 1254 -016.0 216.10
01.221 1254 -016.0 216.19
01.221 1254 -016.0 216.27
01.166 1254 -016.1 216.35
01.166 1254 -016.1 216.43
01.166 1254 -016.1 216.52
01.166 1254 -016.1 216.60
01.166 1254 -016.1 216.70
01.166 1254 -016.1 216.78
01.166 1254 -016.1 216.86
01.189 1235 -016.2 216.95
01.189 1235 -016.2 217.03
01.189 1235 -016.2 217.11
01.189 1235 -016.2 217.20
01.189 1235 -016.2 217.28
01.189 1235 -016.2 217.37
01.189 1235 -016.2 217.46
01.147 1254 -016.2 217.54
01.147 1254 -016.2 217.62
01.147 1254 -016.2 217.70
01.147 1254 -016.2 217.79
01.147 1254 -016.2 217.88
01.147 1254 -016.2 217.96
01.147 1254 -016.2 218.04
01.179 1216 -016.3 218.12
01.179 1216 -016.3 218.22
01.179 1216 -016.3 218.30
01.179 1216 -016.3 218.39
01.179 1216 -016.3 218.47
01.179 1216 -016.3 218.55
01.179 1216 -016.3 218.64
01.145 1254 -016.3 218.72
01.145 1254 -016.3 218.80
01.145 1254 -016.3 218.89
01.145 1254 -016.3 218.97
01.145 1254 -016.3 219.05
01.145 1254 -016.3 219.14
01.145 1254 -016.3 219.22
01.094 1254 -016.3 219.30
01.094 1235 -016.5 219.39
01.094 1235 -016.5 219.49
01.094 1235 -016.5 219.58
01.094 1235 -016.5 219.66
01.094 1235 -016.5 219.75
01.094 1235 -016.5 219.84
01.152 1254 -016.2 219.93
01.152 1254 -016.2 220.01
01.152 1254 -016.2 220.09
01.152 1254 -016.2 220.18
01.152 1254 -016.2 220.26
01.152 1254 -016.2 220.35
01.152 1254 -016.2 220.44
01.095 1254 -016.7 220.52
01.095 1254 -016.7 220.60
01.095 1254 -016.7 220.69
01.095 1254 -016.7 220.77
01.095 1254 -016.7 220.86
01.095 1254 -016.7 220.95
01.095 1254 -016.7 221.04
01.152 1235 -016.8 221.12
01.152 1235 -016.8 221.20
01.152 1235 -016.8 221.30
01.152 1235 -016.8 221.38
01.152 1235 -016.8 221.48
01.152 1235 -016.8 221.56
01.152 1235 -016.8 221.65
01.158 1235 -016.7 221.73
01.158 1235 -016.7 221.81
01.158 1235 -016.7 221.89
01.158 1235 -016.7 221.97
01.158 1235 -016.7 222.05
01.158 1235 -016.7 222.14
01.158 1235 -016.7 222.22
01.16 1254 -016.7 222.30
01.16 1254 -016.8 222.40
01.16 1254 -016.8 222.48
01.16 1254 -016.8 222.56
01.16 1254 -016.8 222.66
01.16 1254 -016.8 222.74
01.16 1254 -016.8 222.82
01.05 1254 -016.8 222.90
01.05 1254 -016.7 222.99
01.05 1254 -016.7 223.07
01.05 1254 -016.7 223.15
01.05 1254 -016.7 223.24
01.05 1254 -016.7 223.33
01.05 1254 -016.7 223.41
01.05 1254 -016.7 223.50
01.063 1254 -016.6 223.59
01.063 1254 -016.6 223.67
01.063 1254 -016.6 223.75
01.063 1254 -016.6 223.84
01.063 1254 -016.6 223.92
01.063 1254 -016.6 224.01
01.063 1254 -016.6 224.09
01.029 1254 -017.0 224.17
01.029 1254 -017.0 224.26
01.029 1254 -017.0 224.34
01.029 1254 -017.0 224.43
01.029 1254 -017.0 224.51
01.029 1254 -017.0 224.59
01.029 1254 -017.0 224.68
01.074 1254 -016.8 224.76
01.074 1254 -016.8 224.84
01.074 1254 -016.8 224.91
01.074 1254 -016.8 225.00
01.074 1254 -016.8 225.08
01.074 1254 -016.8 225.16
01.074 1254 -016.8 225.25
01.064 1235 -016.8 225.33
01.064 1235 -016.8 225.42
01.064 1235 -016.8 225.51
01.064 1235 -016.8 225.59
01.064 1235 -016.8 225.69
01.064 1235 -016.8 225.77
01.064 1235 -016.8 225.85
01.061 1254 -017.1 225.93
01.061 1254 -017.1 226.02
01.061 1254 -017.1 226.10
01.061 1254 -017.1 226.19
01.061 1254 -017.1 226.27
01.061 1254 -017.1 226.35
01.061 1254 -017.1 226.44
01.089 1235 -017.0 226.53
01.089 1235 -017.0 226.61
01.089 1235 -017.0 226.69
01.089 1235 -017.0 226.77
01.089 1235 -017.0 226.87
01.089 1235 -017.0 226.96
01.089 1235 -017.0 227.06
01.059 1235 -017.0 227.15
01.059 1235 -017.0 227.24
01.059 1235 -017.0 227.32
01.059 1235 -017.0 227.41
01.059 1235 -017.0 227.49
01.059 1235 -017.0 227.57
01.059 1235 -017.0 227.67
01.084 1254 -017.2 227.75
01.084 1254 -017.2 227.84
01.084 1254 -017.2 227.92
01.084 1254 -017.2 228.00
01.084 1254 -017.2 228.10
01.084 1254 -017.2 228.18
01.084 1254 -017.2 228.26
01.064 1254 -017.1 228.34
01.064 1254 -017.1 228.43
01.064 1254 -017.1 228.51
01.064 1254 -017.1 228.59
01.064 1254 -017.1 228.68
01.064 1254 -017.1 228.76
01.064 1254 -017.1 228.84
01.084 1254 -017.1 228.93
01.084 1235 -017.3 229.01
01.084 1235 -017.3 229.09
01.084 1235 -017.3 229.18
01.084 1235 -017.3 229.26
01.084 1235 -017.3 229.34
01.084 1235 -017.3 229.43
01.084 1235 -017.3 229.51
01.094 1235 -017.4 229.59
01.094 1235 -017.4 229.69
01.094 1235 -017.4 229.78
01.094 1235 -017.4 229.86
01.094 1235 -017.4 229.95
01.094 1235 -017.4 230.04
01.094 1235 -017.4 230.12
01.055 1235 -017.4 230.20
01.055 1235 -017.4 230.29
01.055 1235 -017.4 230.37
01.055 1235 -017.4 230.46
01.055 1235 -017.4 230.54
01.055 1235 -017.4 230.62
01.055 1235 -017.4 230.70
01.025 1254 -017.4 230.79
01.025 1254 -017.4 230.87
01.025 1254 -017.4 230.97
01.025 1254 -017.4 231.05
01.025 1254 -017.4 231.13
01.025 1254 -017.4 231.21
01.025 1254 -017.4 231.30
01.03 1254 -017.6 231.38
01.03 1254 -017.6 231.46
01.03 1254 -017.6 231.55
01.03 1254 -017.6 231.63
01.03 1254 -017.6 231.72
01.03 1254 -017.6 231.80
01.03 1254 -017.6 231.88
01.095 1235 -017.6 231.97
01.095 1235 -017.6 232.05
01.095 1235 -017.6 232.13
01.095 1235 -017.6 232.23
01.095 1235 -017.6 232.31
01.095 1235 -017.6 232.39
01.095 1235 -017.6 232.48
01.071 1273 -017.7 232.56
01.071 1273 -017.7 232.64
01.071 1273 -017.7 232.72
01.071 1273 -017.7 232.81
01.071 1273 -017.7 232.89
01.071 1273 -017.7 232.97
01.071 1273 -017.7 233.05
01.126 1254 -017.7 233.13
01.126 1254 -017.8 233.22
01.126 1254 -017.8 233.30
01.126 1254 -017.8 233.40
01.126 1254 -017.8 233.48
01.126 1254 -017.8 233.56
01.126 1254 -017.8 233.64
01.079 1235 -017.8 233.75
01.079 1235 -017.9 233.83
01.079 1235 -017.9 233.92
01.079 1235 -017.9 234.00
01.079 1235 -017.9 234.08
01.079 1235 -017.9 234.16
01.079 1235 -017.9 234.25
01.118 1235 -017.9 234.34
01.118 1235 -017.7 234.42
01.118 1235 -017.7 234.50
01.118 1235 -017.7 234.59
01.118 1235 -017.7 234.67
01.118 1235 -017.7 234.76
01.118 1235 -017.7 234.84
01.118 1235 -017.7 234.92
01.051 1235 -017.7 235.00
01.051 1235 -017.7 235.09
01.051 1235 -017.7 235.17
01.051 1235 -017.7 235.27
01.051 1235 -017.7 235.36
01.051 1235 -017.7 235.44
01.051 1235 -017.7 235.52
01.094 1235 -018.0 235.61
01.094 1235 -018.0 235.71
01.094 1235 -018.0 235.79
01.094 1235 -018.0 235.87
01.094 1235 -018.0 235.95
01.094 1235 -018.0 236.06
01.094 1235 -018.0 236.14
01.061 1254 -018.0 236.22
01.061 1254 -018.0 236.31
01.061 1254 -018.0 236.39
01.061 1254 -018.0 236.48
01.061 1254 -018.0 236.57
01.061 1254 -018.0 236.66
01.055 1254 -018.0 236.76
01.055 1254 -018.0 236.84
01.055 1254 -018.0 236.93
01.055 1254 -018.0 237.01
01.055 1254 -018.0 237.10
01.055 1254 -018.0 237.19
01.055 1254 -018.0 237.29
01.042 1235 -018.2 237.39
01.042 1235 -018.2 237.46
01.042 1235 -018.2 237.55
01.042 1235 -018.2 237.63
01.042 1235 -018.2 237.71
01.042 1235 -018.2 237.80
01.042 1235 -018.2 237.88
01.043 1235 -018.1 237.97
01.043 1235 -018.1 238.05
01.043 1235 -018.1 238.14
01.043 1235 -018.1 238.22
01.043 1235 -018.1 238.31
01.043 1235 -018.1 238.39
01.043 1235 -018.1 238.47
01.017 1254 -018.1 238.55
01.017 1254 -018.1 238.65
01.017 1254 -018.1 238.73
01.017 1254 -018.1 238.81
01.017 1254 -018.1 238.91
01.017 1254 -018.1 238.99
01.017 1254 -018.1 239.07
01.017 1254 -018.1 239.16
00.993 1235 -018.1 239.24
00.993 1235 -018.1 239.32
00.993 1235 -018.1 239.41
00.993 1235 -018.1 239.51
00.993 1235 -018.1 239.61
00.993 1235 -018.1 239.69
01.03 1254 -018.4 239.78
01.03 1254 -018.4 239.86
01.03 1254 -018.4 239.95
01.03 1254 -018.4 240.03
01.03 1254 -018.4 240.11
01.03 1254 -018.4 240.20
01.03 1254 -018.4 240.28
00.995 1235 -018.4 240.37
00.995 1235 -018.3 240.45
00.995 1235 -018.3 240.54
00.995 1235 -018.3 240.62
00.995 1235 -018.3 240.70
00.995 1235 -018.3 240.79
00.995 1235 -018.3 240.88
01.04 1235 -018.3 240.96
01.04 1235 -018.0 241.05
01.04 1235 -018.0 241.13
01.04 1235 -018.0 241.22
01.04 1235 -018.0 241.30
01.04 1235 -018.0 241.38
01.04 1235 -018.0 241.48
01.04 1235 -018.0 241.56
01.004 1254 -018.3 241.64
01.004 1254 -018.3 241.72
01.004 1254 -018.3 241.80
01.004 1254 -018.3 241.89
01.004 1254 -018.3 241.97
01.004 1254 -018.3 242.06
01.004 1254 -018.3 242.14
01.064 1235 -018.2 242.22
01.064 1235 -018.2 242.33
01.064 1235 -018.2 242.41
01.064 1235 -018.2 242.51
01.064 1235 -018.2 242.59
01.064 1235 -018.2 242.68
01.064 1235 -018.2 242.76
00.996 1235 -018.3 242.85
00.996 1235 -018.3 242.94
00.996 1235 -018.3 243.02
00.996 1235 -018.3 243.11
00.996 1235 -018.3 243.19
00.996 1235 -018.3 243.28
00.977 1254 -018.3 243.37
00.977 1254 -018.4 243.45
00.977 1254 -018.4 243.53
00.977 1254 -018.4 243.62
00.977 1254 -018.4 243.70
00.977 1254 -018.4 243.79
00.977 1254 -018.4 243.88
00.982 1254 -018.3 243.98
00.982 1254 -018.3 244.07
00.982 1254 -018.3 244.15
00.982 1254 -018.3 244.23
00.982 1254 -018.3 244.31
00.982 1254 -018.3 244.39
00.982 1254 -018.3 244.48
00.991 1254 -018.3 244.56
00.991 1235 -018.3 244.65
00.991 1235 -018.3 244.73
00.991 1235 -018.3 244.81
00.991 1235 -018.3 244.89
00.991 1235 -018.3 244.97
00.991 1235 -018.3 245.07
00.991 1235 -018.3 245.15
01.003 1235 -018.4 245.23
01.003 1235 -018.4 245.32
01.003 1235 -018.4 245.40
01.003 1235 -018.4 245.49
01.003 1235 -018.4 245.57
01.003 1235 -018.4 245.65
01.003 1235 -018.4 245.74
00.99 1254 -018.2 245.82
00.99 1254 -018.2 245.91
00.99 1254 -018.2 245.99
00.99 1254 -018.2 246.07
00.99 1254 -018.2 246.15
00.99 1254 -018.2 246.26
00.99 1254 -018.2 246.34
01.013 1235 -018.3 246.42
01.013 1235 -018.3 246.51
01.013 1235 -018.3 246.60
01.013 1235 -018.3 246.71
01.013 1235 -018.3 246.79
01.013 1235 -018.3 246.88
01.013 1235 -018.3 246.97
00.99 1254 -018.4 247.05
00.99 1254 -018.4 247.13
00.99 1254 -018.4 247.22
00.99 1254 -018.4 247.30
00.99 1254 -018.4 247.38
00.99 1254 -018.4 247.47
00.99 1254 -018.4 247.56
01.047 1235 -018.7 247.64
01.047 1235 -018.7 247.73
01.047 1235 -018.7 247.81
01.047 1235 -018.7 247.89
01.047 1235 -018.7 247.97
01.047 1235 -018.7 248.06
01.047 1235 -018.7 248.14
01.035 1254 -018.6 248.22
01.035 1254 -018.6 248.32
01.035 1254 -018.6 248.41
01.035 1254 -018.6 248.51
01.035 1254 -018.6 248.59
01.035 1254 -018.6 248.67
01.035 1254 -018.6 248.75
01.04 1235 -018.6 248.85
01.04 1235 -018.6 248.94
01.04 1235 -018.6 249.02
01.04 1235 -018.6 249.10
01.04 1235 -018.6 249.18
01.04 1235 -018.6 249.28
01.04 1235 -018.6 249.36
01.016 1254 -018.9 249.45
01.016 1254 -018.9 249.53
01.016 1254 -018.9 249.61
01.016 1254 -018.9 249.69
01.016 1254 -018.9 249.77
01.016 1254 -018.9 249.86
01.016 1254 -018.9 249.94
01.04 1254 -019.0 250.02
01.04 1254 -019.0 250.12
01.04 1254 -019.0 250.21
01.04 1254 -019.0 250.29
01.04 1254 -019.0 250.38
01.04 1254 -019.0 250.46
01.04 1254 -019.0 250.54
01.008 1254 -018.8 250.63
01.008 1254 -018.8 250.71
01.008 1254 -018.8 250.79
01.008 1254 -018.8 250.88
01.008 1254 -018.8 250.98
01.008 1254 -018.8 251.06
01.008 1254 -018.8 251.14
00.985 1254 -018.9 251.22
00.985 1254 -018.9 251.30
00.985 1254 -018.9 251.39
00.985 1254 -018.9 251.49
00.985 1254 -018.9 251.57
00.985 1254 -018.9 251.65
00.985 1254 -018.9 251.74
01.006 1235 -019.0 251.82
01.006 1235 -019.0 251.91
01.006 1235 -019.0 252.00
01.006 1235 -019.0 252.11
01.006 1235 -019.0 252.19
01.006 1235 -019.0 252.27
01.006 1235 -019.0 252.35
00.957 1273 -019.0 252.43
00.957 1273 -019.0 252.52
00.957 1273 -019.0 252.60
00.957 1273 -019.0 252.70
00.957 1273 -019.0 252.79
00.957 1273 -019.0 252.89
00.957 1273 -019.0 252.97
01.011 1235 -019.0 253.05
01.011 1235 -019.0 253.13
01.011 1235 -019.0 253.22
01.011 1235 -019.0 253.30
01.011 1235 -019.0 253.39
01.011 1235 -019.0 253.47
01.011 1235 -019.0 253.56
01.001 1254 -019.0 253.64
01.001 1254 -019.0 253.74
01.001 1254 -019.0 253.82
01.001 1254 -019.0 253.90
01.001 1254 -019.0 254.00
01.001 1254 -019.0 254.09
01.001 1254 -019.0 254.19
01.003 1235 -019.0 254.27
01.003 1235 -019.0 254.35
01.003 1235 -019.0 254.43
01.003 1235 -019.0 254.53
01.003 1235 -019.0 254.61
01.003 1235 -019.0 254.70
01.003 1235 -019.0 254.79
00.99 1254 -018.9 254.88
00.99 1254 -018.9 254.96
00.99 1254 -018.9 255.04
00.99 1254 -018.9 255.12
00.99 1254 -018.9 255.22
00.99 1254 -018.9 255.30
00.978 1254 -018.9 255.40
00.978 1235 -019.3 255.48
00.978 1235 -019.3 255.56
00.978 1235 -019.3 255.65
00.978 1235 -019.3 255.74
00.978 1235 -019.3 255.83
00.978 1235 -019.3 255.91
00.983 1235 -019.3 256.00
00.983 1254 -019.3 256.09
00.983 1254 -019.3 256.17
00.983 1254 -019.3 256.26
00.983 1254 -019.3 256.35
00.983 1254 -019.3 256.44
00.983 1254 -019.3 256.54
00.944 1235 -019.3 256.62
00.944 1235 -019.3 256.72
00.944 1235 -019.3 256.81
00.944 1235 -019.3 256.89
00.944 1235 -019.3 256.98
00.944 1235 -019.3 257.07
00.944 1235 -019.3 257.15
00.998 1235 -019.4 257.23
00.998 1235 -019.4 257.32
00.998 1235 -019.4 257.40
00.998 1235 -019.4 257.48
00.998 1235 -019.4 257.57
00.998 1235 -019.4 257.65
00.998 1235 -019.4 257.73
00.935 1235 -019.4 257.82
00.935 1254 -019.2 257.90
00.935 1254 -019.2 257.98
00.935 1254 -019.2 258.07
00.935 1254 -019.2 258.15
00.935 1254 -019.2 258.23
00.935 1254 -019.2 258.32
00.935 1254 -019.2 258.40
01.032 1235 -019.2 258.48
01.032 1235 -019.2 258.57
01.032 1235 -019.2 258.65
01.032 1235 -019.2 258.73
01.032 1235 -019.2 258.82
01.032 1235 -019.2 258.90
01.032 1235 -019.2 258.99
00.974 1254 -019.2 259.10
00.974 1254 -019.2 259.19
00.974 1254 -019.2 259.29
00.974 1254 -019.2 259.37
00.974 1254 -019.2 259.45
00.974 1254 -019.2 259.54
00.974 1254 -019.2 259.62
00.962 1254 -019.3 259.70
00.962 1254 -019.3 259.78
00.962 1254 -019.3 259.87
00.962 1254 -019.3 259.97
00.962 1254 -019.3 260.05
00.962 1254 -019.3 260.13
00.962 1254 -019.3 260.21
00.961 1254 -019.5 260.31
00.961 1254 -019.5 260.40
00.961 1254 -019.5 260.49
00.961 1254 -019.5 260.57
00.961 1254 -019.5 260.66
00.961 1254 -019.5 260.74
00.948 1254 -019.5 260.82
00.948 1254 -019.5 260.90
00.948 1254 -019.5 260.99
00.948 1254 -019.5 261.09
00.948 1254 -019.5 261.17
00.948 1254 -019.5 261.26
00.948 1254 -019.5 261.33
01.001 1254 -019.5 261.42
01.001 1235 -019.5 261.51
01.001 1235 -019.5 261.60
01.001 1235 -019.5 261.68
01.001 1235 -019.5 261.77
01.001 1235 -019.5 261.85
01.001 1235 -019.5 261.94
01.001 1235 -019.5 262.02
00.956 1254 -019.7 262.12
00.956 1254 -019.7 262.20
00.956 1254 -019.7 262.29
00.956 1254 -019.7 262.37
00.956 1254 -019.7 262.47
00.956 1254 -019.7 262.55
01.021 1254 -019.7 262.63
01.021 1254 -019.6 262.72
01.021 1254 -019.6 262.80
01.021 1254 -019.6 262.88
01.021 1254 -019.6 262.96
01.021 1254 -019.6 263.05
01.021 1254 -019.6 263.13
01.021 1254 -019.6 263.21
00.956 1254 -019.3 263.30
00.956 1254 -019.3 263.38
00.956 1254 -019.3 263.46
00.956 1254 -019.3 263.55
00.956 1254 -019.3 263.63
00.956 1254 -019.3 263.71
00.956 1254 -019.3 263.81
00.977 1235 -019.5 263.91
00.977 1235 -019.5 263.99
00.977 1235 -019.5 264.07
00.977 1235 -019.5 264.15
00.977 1235 -019.5 264.24
00.977 1235 -019.5 264.33
00.977 1235 -019.5 264.41
00.98 1254 -019.6 264.49
00.98 1254 -019.6 264.58
00.98 1254 -019.6 264.68
00.98 1254 -019.6 264.77
00.98 1254 -019.6 264.87
00.98 1254 -019.6 264.96
00.961 1235 -019.6 265.06
00.961 1235 -019.6 265.14
00.961 1235 -019.6 265.23
00.961 1235 -019.6 265.31
00.961 1235 -019.6 265.39
00.961 1235 -019.6 265.48
00.961 1235 -019.6 265.57
00.974 1235 -019.8 265.65
00.974 1235 -019.8 265.73
00.974 1235 -019.8 265.82
00.974 1235 -019.8 265.90
00.974 1235 -019.8 265.99
00.974 1235 -019.8 266.07
00.974 1235 -019.8 266.15
00.974 1235 -019.8 266.24
00.951 1273 -019.7 266.33
00.951 1273 -019.7 266.42
00.951 1273 -019.7 266.52
00.951 1273 -019.7 266.60
00.951 1273 -019.7 266.68
00.951 1273 -019.7 266.77
01.022 1235 -019.7 266.85
01.022 1235 -019.9 266.93
01.022 1235 -019.9 267.02
01.022 1235 -019.9 267.10
01.022 1235 -019.9 267.18
01.022 1235 -019.9 267.27
01.022 1235 -019.9 267.35
01.022 1235 -019.9 267.44
00.953 1254 -019.9 267.52
00.953 1254 -019.9 267.61
00.953 1254 -019.9 267.69
00.953 1254 -019.9 267.77
00.953 1254 -019.9 267.85
00.953 1254 -019.9 267.94
00.953 1254 -019.9 268.02
01.019 1235 -020.0 268.10
01.019 1235 -020.0 268.19
01.019 1235 -020.0 268.27
01.019 1235 -020.0 268.35
01.019 1235 -020.0 268.44
01.019 1235 -020.0 268.52
01.019 1235 -020.0 268.61
00.962 1254 -020.0 268.69
00.962 1254 -020.0 268.78
00.962 1254 -020.0 268.86
00.962 1254 -020.0 268.94
00.962 1254 -020.0 269.02
00.962 1254 -020.0 269.10
00.962 1254 -020.0 269.19
00.966 1254 -020.0 269.27
00.966 1254 -020.0 269.35
00.966 1254 -020.0 269.44
00.966 1254 -020.0 269.53
00.966 1254 -020.0 269.62
00.966 1254 -020.0 269.70
00.966 1254 -020.0 269.79
00.962 1254 -020.0 269.88
00.962 1254 -020.0 269.96
00.962 1254 -020.0 270.04
00.962 1254 -020.0 270.14
00.962 1254 -020.0 270.22
00.962 1254 -020.0 270.30
00.962 1254 -020.0 270.39
00.936 1254 -019.9 270.48
00.936 1254 -019.9 270.57
00.936 1254 -019.9 270.66
00.936 1254 -019.9 270.74
00.936 1254 -019.9 270.82
00.936 1254 -019.9 270.91
00.936 1254 -019.9 270.99
00.98 1254 -019.9 271.07
00.98 1254 -019.9 271.15
00.98 1254 -019.9 271.24
00.98 1254 -019.9 271.32
00.98 1254 -019.9 271.41
00.98 1254 -019.9 271.49
00.98 1254 -019.9 271.59
00.951 1254 -020.0 271.67
00.951 1254 -020.0 271.76
00.951 1254 -020.0 271.86
00.951 1254 -020.0 271.94
00.951 1254 -020.0 272.04
00.951 1254 -020.0 272.12
00.951 1254 -020.0 272.20
00.97 1273 -020.1 272.29
00.97 1273 -020.1 272.37
00.97 1273 -020.1 272.46
00.97 1273 -020.1 272.54
00.97 1273 -020.1 272.62
00.97 1273 -020.1 272.70
00.97 1273 -020.1 272.81
00.977 1254 -020.2 272.89
00.977 1254 -020.2 272.97
00.977 1254 -020.2 273.05
00.977 1254 -020.2 273.13
00.977 1254 -020.2 273.21
00.977 1254 -020.2 273.30
00.977 1254 -020.2 273.39
00.967 1235 -020.3 273.48
00.967 1235 -020.3 273.56
00.967 1235 -020.3 273.64
00.967 1235 -020.3 273.74
00.967 1235 -020.3 273.82
00.967 1235 -020.3 273.91
00.967 1235 -020.3 273.99
00.99 1235 -020.3 274.07
00.99 1235 -020.2 274.15
00.99 1235 -020.2 274.23
00.99 1235 -020.2 274.31
00.99 1235 -020.2 274.40
00.99 1235 -020.2 274.48
00.99 1235 -020.2 274.57
00.99 1235 -020.2 274.65
00.975 1235 -020.2 274.74
00.975 1235 -020.2 274.82
00.975 1235 -020.2 274.90
00.975 1235 -020.2 274.99
00.975 1235 -020.2 275.07
00.975 1235 -020.2 275.15
00.975 1235 -020.2 275.23
00.995 1254 -020.3 275.31
00.995 1254 -020.3 275.40
00.995 1254 -020.3 275.48
00.995 1254 -020.3 275.56
00.995 1254 -020.3 275.65
00.995 1254 -020.3 275.73
00.995 1254 -020.3 275.82
00.933 1254 -020.4 275.90
00.933 1254 -020.4 275.98
00.933 1254 -020.4 276.06
00.933 1254 -020.4 276.14
00.933 1254 -020.4 276.22
00.933 1254 -020.4 276.31
00.933 1254 -020.4 276.39
00.933 1254 -020.4 276.47
00.959 1254 -020.6 276.56
00.959 1254 -020.6 276.64
00.959 1254 -020.6 276.72
00.959 1254 -020.6 276.80
00.959 1254 -020.6 276.88
00.959 1254 -020.6 276.97
00.959 1254 -020.6 277.05
00.953 1254 -020.6 277.14
00.953 1254 -020.6 277.22
00.953 1254 -020.6 277.30
00.953 1254 -020.6 277.39
00.953 1254 -020.6 277.47
00.953 1254 -020.6 277.55
00.953 1254 -020.6 277.63
00.902 1254 -020.6 277.71
00.902 1254 -020.6 277.80
00.902 1254 -020.6 277.89
00.902 1254 -020.6 277.97
00.902 1254 -020.6 278.05
00.902 1254 -020.6 278.14
00.902 1254 -020.6 278.22
00.956 1235 -020.5 278.30
00.956 1235 -020.5 278.38
00.956 1235 -020.5 278.47
00.956 1235 -020.5 278.57
00.956 1235 -020.5 278.65
00.956 1235 -020.5 278.75
00.956 1235 -020.5 278.83
00.954 1254 -020.5 278.91
00.954 1254 -020.5 278.99
00.954 1254 -020.5 279.07
00.954 1254 -020.5 279.16
00.954 1254 -020.5 279.24
00.954 1254 -020.5 279.32
00.954 1254 -020.5 279.41
00.972 1254 -020.5 279.50
00.972 1254 -020.5 279.58
00.972 1254 -020.5 279.67
00.972 1254 -020.5 279.75
00.972 1254 -020.5 279.83
00.972 1254 -020.5 279.93
00.972 1254 -020.5 280.01
00.975 1254 -020.5 280.10
00.975 1254 -020.5 280.18
00.975 1254 -020.5 280.27
00.975 1254 -020.5 280.36
00.975 1254 -020.5 280.45
00.975 1254 -020.5 280.53
00.975 1254 -020.5 280.62
00.936 1254 -020.6 280.72
00.936 1254 -020.6 280.81
00.936 1254 -020.6 280.89
00.936 1254 -020.6 280.97
00.936 1254 -020.6 281.06
00.936 1254 -020.6 281.15
00.936 1254 -020.6 281.23
00.959 1273 -020.7 281.31
00.959 1273 -020.7 281.40
00.959 1273 -020.7 281.48
00.959 1273 -020.7 281.56
00.959 1273 -020.7 281.64
00.959 1273 -020.7 281.73
00.959 1273 -020.7 281.81
00.967 1254 -020.7 281.89
00.967 1254 -020.7 281.97
00.967 1254 -020.7 282.08
00.967 1254 -020.7 282.16
00.967 1254 -020.7 282.24
00.967 1254 -020.7 282.33
00.967 1254 -020.7 282.42
00.966 1254 -020.7 282.50
00.966 1235 -020.6 282.58
00.966 1235 -020.6 282.67
00.966 1235 -020.6 282.75
00.966 1235 -020.6 282.84
00.966 1235 -020.6 282.93
00.966 1235 -020.6 283.02
00.943 1235 -020.6 283.10
00.943 1254 -020.6 283.18
00.943 1254 -020.6 283.26
00.943 1254 -020.6 283.36
00.943 1254 -020.6 283.45
00.943 1254 -020.6 283.53
00.943 1254 -020.6 283.61
00.959 1254 -020.6 283.69
00.959 1235 -020.7 283.78
00.959 1235 -020.7 283.86
00.959 1235 -020.7 283.95
00.959 1235 -020.7 284.03
00.959 1235 -020.7 284.11
00.959 1235 -020.7 284.20
00.959 1235 -020.7 284.28
01.008 1254 -021.0 284.38
01.008 1254 -021.0 284.46
01.008 1254 -021.0 284.55
01.008 1254 -021.0 284.64
01.008 1254 -021.0 284.73
01.008 1254 -021.0 284.81
01.008 1254 -021.0 284.89
01.008 1254 -020.9 284.98
01.008 1254 -020.9 285.06
01.008 1254 -020.9 285.14
01.008 1254 -020.9 285.24
01.008 1254 -020.9 285.32
01.008 1254 -020.9 285.41
01.008 1254 -020.9 285.49
01 1235 -021.1 285.57
01 1235 -021.1 285.65
01 1235 -021.1 285.73
01 1235 -021.1 285.82
01 1235 -021.1 285.90
01 1235 -021.1 285.99
01 1235 -021.1 286.08
00.991 1254 -021.1 286.16
00.991 1254 -021.1 286.24
00.991 1254 -021.1 286.33
00.991 1254 -021.1 286.41
00.991 1254 -021.1 286.49
00.991 1254 -021.1 286.59
00.991 1254 -021.1 286.67
01 1254 -020.9 286.75
01 1254 -020.9 286.83
01 1254 -020.9 286.92
01 1254 -020.9 287.00
01 1254 -020.9 287.08
01 1254 -020.9 287.16
01 1254 -020.9 287.25
00.956 1254 -020.8 287.34
00.956 1254 -020.8 287.42
00.956 1254 -020.8 287.51
00.956 1254 -020.8 287.59
00.956 1254 -020.8 287.68
00.956 1254 -020.8 287.76
00.956 1254 -020.8 287.84
00.97 1254 -020.9 287.92
00.97 1254 -020.9 288.01
00.97 1254 -020.9 288.09
00.97 1254 -020.9 288.17
00.97 1254 -020.9 288.26
00.97 1254 -020.9 288.34
00.97 1254 -020.9 288.42
00.98 1273 -021.0 288.52
00.98 1273 -021.0 288.61
00.98 1273 -021.0 288.69
00.98 1273 -021.0 288.78
00.98 1273 -021.0 288.86
00.98 1273 -021.0 288.95
00.98 1273 -021.0 289.03
00.985 1254 -021.0 289.12
00.985 1254 -021.1 289.20
00.985 1254 -021.1 289.28
00.985 1254 -021.1 289.37
00.985 1254 -021.1 289.45
00.985 1254 -021.1 289.53
00.985 1254 -021.1 289.62
00.985 1254 -021.1 289.70
01.009 1235 -020.8 289.80
01.009 1235 -020.8 289.88
01.009 1235 -020.8 289.96
01.009 1235 -020.8 290.05
00.85 1558 -022.2 301.23
00.85 1558 -022.2 301.32
00.85 1558 -022.2 301.40
00.85 1558 -022.2 301.49
00.85 1558 -022.2 301.57
00.85 1558 -022.2 301.65
00.85 1558 -022.2 301.73
00.81 1558 -022.7 301.82
00.81 1558 -022.7 301.90
00.81 1558 -022.7 301.98
00.81 1558 -022.7 302.09
00.81 1558 -022.7 302.17
00.81 1558 -022.7 302.27
00.815 1558 -022.7 302.35
00.815 1558 -022.7 302.43
00.815 1558 -022.7 302.52
00.815 1558 -022.7 302.62
00.815 1558 -022.7 302.70
00.815 1558 -022.7 302.79
00.815 1558 -022.7 302.87
00.799 1558 -022.7 302.97
00.799 1558 -022.5 303.04
00.799 1558 -022.5 303.12
00.799 1558 -022.5 303.21
00.799 1558 -022.5 303.29
00.799 1558 -022.5 303.37
00.799 1558 -022.5 303.46
00.799 1558 -022.5 303.54
00.791 1539 -022.3 303.63
00.791 1539 -022.3 303.71
00.791 1539 -022.3 303.80
00.791 1539 -022.3 303.88
00.791 1539 -022.3 303.96
00.791 1539 -022.3 304.05
00.791 1539 -022.3 304.13
00.807 1558 -022.6 304.23
00.807 1558 -022.6 304.31
00.807 1558 -022.6 304.39
00.807 1558 -022.6 304.48
00.807 1558 -022.6 304.57
00.807 1558 -022.6 304.65
00.807 1558 -022.6 304.73
00.823 1539 -022.7 304.82
00.823 1539 -022.7 304.90
00.823 1539 -022.7 305.00
00.823 1539 -022.7 305.08
00.823 1539 -022.7 305.18
00.823 1539 -022.7 305.26
00.823 1539 -022.7 305.34
00.844 1558 -022.5 305.42
00.844 1558 -022.5 305.50
00.844 1558 -022.5 305.58
00.844 1558 -022.5 305.66
00.844 1558 -022.5 305.74
00.844 1558 -022.5 305.83
00.844 1558 -022.5 305.91
00.808 1558 -022.6 305.99
00.808 1558 -022.6 306.08
00.808 1558 -022.6 306.16
00.808 1558 -022.6 306.24
00.808 1558 -022.6 306.33
00.808 1558 -022.6 306.41
00.808 1558 -022.6 306.51
00.784 1558 -023.0 306.60
00.784 1558 -023.0 306.68
00.784 1558 -023.0 306.77
00.784 1558 -023.0 306.85
00.784 1558 -023.0 306.93
00.784 1558 -023.0 307.02
00.784 1558 -023.0 307.10
00.779 1577 -023.0 307.19
00.779 1577 -022.8 307.29
00.779 1577 -022.8 307.38
00.779 1577 -022.8 307.49
00.779 1577 -022.8 307.57
00.779 1577 -022.8 307.65
00.779 1577 -022.8 307.75
00.846 1558 -022.7 307.83
00.846 1558 -022.7 307.92
00.846 1558 -022.7 308.01
00.846 1558 -022.7 308.12
00.846 1558 -022.7 308.20
00.846 1558 -022.7 308.28
00.846 1558 -022.7 308.36
00.847 1539 -022.6 308.46
00.847 1539 -022.6 308.54
00.847 1539 -022.6 308.62
00.847 1539 -022.6 308.72
00.847 1539 -022.6 308.80
00.847 1539 -022.6 308.88
00.82 1577 -022.6 308.98
00.82 1577 -022.9 309.07
00.82 1577 -022.9 309.15
00.82 1577 -022.9 309.23
00.82 1577 -022.9 309.32
00.82 1577 -022.9 309.40
00.82 1577 -022.9 309.49
00.81 1577 -022.9 309.59
00.81 1539 -022.8 309.68
00.81 1539 -022.8 309.77
00.81 1539 -022.8 309.85
00.81 1539 -022.8 309.93
00.81 1539 -022.8 310.01
00.81 1539 -022.8 310.09
00.825 1539 -022.8 310.17
00.825 1539 -022.9 310.28
00.825 1539 -022.9 310.36
00.825 1539 -022.9 310.45
00.825 1539 -022.9 310.53
00.825 1539 -022.9 310.62
00.825 1539 -022.9 310.72
00.782 1558 -023.1 310.81
00.782 1558 -023.1 310.89
00.782 1558 -023.1 310.98
00.782 1558 -023.1 311.06
00.782 1558 -023.1 311.14
00.782 1558 -023.1 311.22
00.782 1558 -023.1 311.30
00.782 1558 -023.1 311.39
00.844 1577 -022.8 311.47
00.844 1577 -022.8 311.56
00.844 1577 -022.8 311.66
00.844 1577 -022.8 311.74
00.844 1577 -022.8 311.82
00.844 1577 -022.8 311.90
00.826 1577 -022.8 311.99
00.826 1558 -022.9 312.07
00.826 1558 -022.9 312.15
00.826 1558 -022.9 312.24
00.826 1558 -022.9 312.32
00.826 1558 -022.9 312.41
00.826 1558 -022.9 312.49
00.826 1558 -022.9 312.57
00.8 1539 -023.1 312.65
00.8 1539 -023.1 312.73
00.8 1539 -023.1 312.82
00.8 1539 -023.1 312.90
00.8 1539 -023.1 312.98
00.8 1539 -023.1 313.06
00.8 1539 -023.1 313.15
00.795 1539 -022.8 313.23
00.795 1539 -022.8 313.31
00.795 1539 -022.8 313.39
00.795 1539 -022.8 313.48
00.795 1539 -022.8 313.56
00.795 1539 -022.8 313.64
00.795 1539 -022.8 313.72
00.813 1558 -022.7 313.81
00.813 1558 -022.7 313.89
00.813 1558 -022.7 313.97
00.813 1558 -022.7 314.06
00.813 1558 -022.7 314.15
00.813 1558 -022.7 314.24
00.813 1558 -022.7 314.33

