01.531 2793 -000.2 000.03
01.531 2793 -000.2 000.13
01.531 2793 -000.2 000.21
01.531 2793 -000.2 000.30
01.531 2793 -000.2 000.38
01.531 2793 -000.2 000.46
01.484 2793 -000.1 000.56
01.484 2793 -000.1 000.64
01.484 2793 -000.1 000.72
01.484 2793 -000.1 000.81
01.484 2793 -000.1 000.90
01.484 2793 -000.1 001.00
01.452 2793 -000.1 001.08
01.452 2831 -000.3 001.19
01.452 2831 -000.3 001.27
01.452 2831 -000.3 001.36
01.452 2831 -000.3 001.44
01.452 2831 -000.3 001.52
01.452 2831 -000.3 001.61
01.503 2793 -000.3 001.70
01.503 2793 -000.1 001.78
01.503 2793 -000.1 001.86
01.503 2793 -000.1 001.94
01.503 2793 -000.1 002.02
01.503 2793 -000.1 002.12
01.503 2793 -000.1 002.21
01.56 2774 -000.5 002.30
01.56 2774 -000.5 002.39
01.56 2774 -000.5 002.47
01.56 2774 -000.5 002.56
01.56 2774 -000.5 002.64
01.56 2774 -000.5 002.72
01.56 2774 -000.5 002.80
01.479 2793 -000.5 002.89
01.479 2793 -000.4 002.97
01.479 2793 -000.4 003.05
01.479 2793 -000.4 003.14
01.479 2793 -000.4 003.22
01.479 2793 -000.4 003.31
01.479 2793 -000.4 003.39
01.479 2793 -000.4 003.47
01.502 2793 -000.4 003.57
01.502 2793 -000.4 003.65
01.502 2793 -000.4 003.73
01.502 2793 -000.4 003.81
01.502 2793 -000.4 003.89
01.502 2793 -000.4 003.98
01.502 2793 -000.4 004.07
01.426 2793 -000.6 004.15
01.426 2793 -000.6 004.23
01.426 2793 -000.6 004.32
01.426 2793 -000.6 004.42
01.426 2793 -000.6 004.50
01.426 2793 -000.6 004.58
01.426 2793 -000.6 004.67
01.416 2793 -000.8 004.75
01.416 2793 -000.8 004.83
01.416 2793 -000.8 004.92
01.416 2793 -000.8 005.00
01.416 2793 -000.8 005.08
01.416 2793 -000.8 005.17
01.416 2793 -000.8 005.25
01.44 2793 -000.9 005.34
01.44 2793 -000.9 005.44
01.44 2793 -000.9 005.52
01.44 2793 -000.9 005.60
01.44 2793 -000.9 005.68
01.44 2793 -000.9 005.78
01.44 2793 -000.9 005.86
01.452 2793 -001.0 005.96
01.452 2793 -001.0 006.04
01.452 2793 -001.0 006.12
01.452 2793 -001.0 006.20
01.452 2793 -001.0 006.29
01.452 2793 -001.0 006.38
01.452 2793 -001.0 006.46
01.479 2774 -000.8 006.54
01.479 2774 -000.8 006.62
01.479 2774 -000.8 006.70
01.479 2774 -000.8 006.79
01.479 2774 -000.8 006.87
01.479 2774 -000.8 006.97
01.479 2774 -000.8 007.05
01.411 2793 -001.2 007.13
01.411 2793 -001.2 007.23
01.411 2793 -001.2 007.32
01.411 2793 -001.2 007.40
01.411 2793 -001.2 007.48
01.411 2793 -001.2 007.57
01.411 2793 -001.2 007.65
01.364 2812 -001.2 007.73
01.364 2812 -001.2 007.81
01.364 2812 -001.2 007.90
01.364 2812 -001.2 007.98
01.364 2812 -001.2 008.06
01.364 2812 -001.2 008.14
01.364 2812 -001.2 008.23
01.409 2793 -001.5 008.32
01.409 2793 -001.5 008.40
01.409 2793 -001.5 008.48
01.409 2793 -001.5 008.56
01.409 2793 -001.5 008.65
01.409 2793 -001.5 008.74
01.409 2793 -001.5 008.82
01.409 2793 -001.5 008.90
01.477 2793 -001.7 008.98
01.477 2793 -001.7 009.06
01.477 2793 -001.7 009.15
01.477 2793 -001.7 009.25
01.477 2793 -001.7 009.33
01.477 2793 -001.7 009.41
01.528 2793 -001.7 009.50
01.528 2793 -001.6 009.61
01.528 2793 -001.6 009.69
01.528 2793 -001.6 009.77
01.528 2793 -001.6 009.85
01.528 2793 -001.6 009.94
01.528 2793 -001.6 010.02
01.477 2793 -001.6 010.10
01.477 2793 -002.0 010.18
01.477 2793 -002.0 010.27
01.477 2793 -002.0 010.37
01.477 2793 -002.0 010.45
01.477 2793 -002.0 010.55
01.477 2793 -002.0 010.63
01.484 2793 -002.0 010.71
01.484 2793 -001.8 010.79
01.484 2793 -001.8 010.87
01.484 2793 -001.8 010.96
01.484 2793 -001.8 011.04
01.484 2793 -001.8 011.13
01.484 2793 -001.8 011.22
01.584 2793 -001.8 011.30
01.584 2812 -001.8 011.40
01.584 2812 -001.8 011.48
01.584 2812 -001.8 011.56
01.584 2812 -001.8 011.65
01.584 2812 -001.8 011.73
01.584 2812 -001.8 011.83
01.492 2774 -002.1 011.93
01.492 2774 -002.1 012.01
01.492 2774 -002.1 012.09
01.492 2774 -002.1 012.19
01.492 2774 -002.1 012.27
01.492 2774 -002.1 012.35
01.492 2774 -002.1 012.44
01.571 2793 -001.9 012.53
01.571 2793 -001.9 012.61
01.571 2793 -001.9 012.69
01.571 2793 -001.9 012.77
01.571 2793 -001.9 012.85
01.571 2793 -001.9 012.95
01.571 2793 -001.9 013.04
01.484 2793 -001.9 013.13
01.484 2793 -001.9 013.21
01.484 2793 -001.9 013.30
01.484 2793 -001.9 013.40
01.484 2793 -001.9 013.48
01.484 2793 -001.9 013.56
01.484 2793 -001.9 013.64
01.571 2793 -001.9 013.72
01.571 2793 -002.0 013.82
01.571 2793 -002.0 013.90
01.571 2793 -002.0 013.98
01.571 2793 -002.0 014.07
01.571 2793 -002.0 014.16
01.571 2793 -002.0 014.26
01.487 2793 -002.3 014.34
01.487 2793 -002.3 014.42
01.487 2793 -002.3 014.51
01.487 2793 -002.3 014.60
01.487 2793 -002.3 014.68
01.487 2793 -002.3 014.77
01.487 2793 -002.3 014.85
01.599 2793 -002.3 014.94
01.599 2793 -002.4 015.02
01.599 2793 -002.4 015.10
01.599 2793 -002.4 015.18
01.599 2793 -002.4 015.27
01.599 2793 -002.4 015.35
01.599 2793 -002.4 015.43
01.599 2793 -002.4 015.51
01.516 2793 -002.3 015.60
01.516 2793 -002.3 015.68
01.516 2793 -002.3 015.76
01.516 2793 -002.3 015.84
01.516 2793 -002.3 015.94
01.516 2793 -002.3 016.02
01.516 2793 -002.3 016.11
01.57 2774 -002.3 016.19
01.57 2774 -002.3 016.28
01.57 2774 -002.3 016.36
01.57 2774 -002.3 016.44
01.57 2774 -002.3 016.52
01.57 2774 -002.3 016.61
01.57 2774 -002.3 016.69
01.602 2793 -002.4 016.77
01.602 2793 -002.4 016.86
01.602 2793 -002.4 016.94
01.602 2793 -002.4 017.02
01.602 2793 -002.4 017.12
01.602 2793 -002.4 017.21
01.602 2793 -002.4 017.29
01.764 2793 -002.3 017.37
01.764 2793 -002.3 017.46
01.764 2793 -002.3 017.54
01.764 2793 -002.3 017.62
01.764 2793 -002.3 017.71
01.764 2793 -002.3 017.79
01.764 2793 -002.3 017.87
01.798 2793 -002.3 017.95
01.798 2793 -002.3 018.03
01.798 2793 -002.3 018.11
01.798 2793 -002.3 018.20
01.798 2793 -002.3 018.28
01.798 2793 -002.3 018.36
01.798 2793 -002.3 018.45
01.908 2774 -002.6 018.55
01.908 2774 -002.6 018.65
01.908 2774 -002.6 018.73
01.908 2774 -002.6 018.83
01.908 2774 -002.6 018.91
01.908 2774 -002.6 018.99
01.908 2774 -002.6 019.08
01.905 2774 -002.4 019.16
01.905 2774 -002.4 019.24
01.905 2774 -002.4 019.33
01.905 2774 -002.4 019.41
01.905 2774 -002.4 019.49
01.905 2774 -002.4 019.58
01.905 2774 -002.4 019.66
01.963 2774 -002.5 019.76
01.963 2774 -002.5 019.84
01.963 2774 -002.5 019.93
01.963 2774 -002.5 020.01
01.963 2774 -002.5 020.09
01.963 2774 -002.5 020.17
01.963 2774 -002.5 020.26
02.19 2774 -002.5 020.34
02.19 2774 -002.6 020.42
02.19 2774 -002.6 020.51
02.19 2774 -002.6 020.59
02.19 2774 -002.6 020.67
02.19 2774 -002.6 020.75
02.19 2774 -002.6 020.84
02.592 2774 -002.6 020.93
02.592 2755 -002.6 021.02
02.592 2755 -002.6 021.10
02.592 2755 -002.6 021.19
02.592 2755 -002.6 021.27
02.592 2755 -002.6 021.35
02.592 2755 -002.6 021.43
02.592 2755 -002.6 021.51
02.691 2774 -002.6 021.60
02.691 2774 -002.6 021.68
02.691 2774 -002.6 021.77
02.691 2774 -002.6 021.85
02.691 2774 -002.6 021.93
02.691 2774 -002.6 022.01
02.691 2774 -002.6 022.09
02.667 2755 -002.7 022.17
02.667 2755 -002.7 022.25
02.667 2755 -002.7 022.33
02.667 2755 -002.7 022.41
02.667 2755 -002.7 022.50
02.667 2755 -002.7 022.58
02.667 2755 -002.7 022.66
02.667 2755 -002.7 022.74
02.227 2774 -003.1 022.83
02.227 2774 -003.1 022.91
02.227 2774 -003.1 022.99
02.227 2774 -003.1 023.07
02.227 2774 -003.1 023.16
02.227 2774 -003.1 023.24
02.227 2774 -003.1 023.32
02.289 2774 -002.9 023.40
02.289 2774 -002.9 023.48
02.289 2774 -002.9 023.57
02.289 2774 -002.9 023.66
02.289 2774 -002.9 023.74
02.289 2774 -002.9 023.82
02.289 2774 -002.9 023.90
02.616 2774 -002.9 023.99
02.616 2774 -002.9 024.07
02.616 2774 -002.9 024.15
02.616 2774 -002.9 024.24
02.616 2774 -002.9 024.33
02.616 2774 -002.9 024.41
02.616 2774 -002.9 024.50
02.748 2774 -003.0 024.58
02.748 2774 -003.0 024.67
02.748 2774 -003.0 024.75
02.748 2774 -003.0 024.84
02.748 2774 -003.0 024.93
02.748 2774 -003.0 025.01
02.748 2774 -003.0 025.09
02.736 2774 -003.1 025.17
02.736 2774 -003.1 025.26
02.736 2774 -003.1 025.34
02.736 2774 -003.1 025.42
02.736 2774 -003.1 025.51
02.736 2774 -003.1 025.59
02.736 2774 -003.1 025.67
02.748 2774 -003.1 025.76
02.748 2793 -003.0 025.84
02.748 2793 -003.0 025.93
02.748 2793 -003.0 026.01
02.748 2793 -003.0 026.10
02.748 2793 -003.0 026.18
02.748 2793 -003.0 026.26
02.819 2793 -003.0 026.35
02.819 2755 -003.2 026.43
02.819 2755 -003.2 026.51
02.819 2755 -003.2 026.60
02.819 2755 -003.2 026.68
02.819 2755 -003.2 026.76
02.819 2755 -003.2 026.84
02.819 2755 -003.2 026.92
02.78 2793 -003.3 027.01
02.78 2793 -003.3 027.09
02.78 2793 -003.3 027.17
02.78 2793 -003.3 027.25
02.78 2793 -003.3 027.35
02.78 2793 -003.3 027.44
02.78 2793 -003.3 027.52
02.788 2755 -003.2 027.60
02.788 2755 -003.2 027.69
02.788 2755 -003.2 027.77
02.788 2755 -003.2 027.85
02.788 2755 -003.2 027.93
02.788 2755 -003.2 028.02
02.788 2755 -003.2 028.10
02.249 2793 -003.4 028.18
02.249 2793 -003.4 028.26
02.249 2793 -003.4 028.34
02.249 2793 -003.4 028.43
02.249 2793 -003.4 028.51
02.249 2793 -003.4 028.59
02.249 2793 -003.4 028.69
01.989 2793 -003.4 028.77
01.989 2831 -003.4 028.86
01.989 2831 -003.4 028.96
01.989 2831 -003.4 029.04
01.989 2831 -003.4 029.12
01.989 2831 -003.4 029.20
01.989 2831 -003.4 029.29
02.027 2793 -003.4 029.38
02.027 2793 -003.6 029.46
02.027 2793 -003.6 029.54
02.027 2793 -003.6 029.65
02.027 2793 -003.6 029.73
02.027 2793 -003.6 029.82
02.027 2793 -003.6 029.90
01.957 2774 -003.7 030.01
01.957 2774 -003.7 030.09
01.957 2774 -003.7 030.18
01.957 2774 -003.7 030.26
01.957 2774 -003.7 030.34
01.957 2774 -003.7 030.43
01.957 2774 -003.7 030.51
01.882 2793 -003.9 030.59
01.882 2793 -003.9 030.68
01.882 2793 -003.9 030.76
01.882 2793 -003.9 030.85
01.882 2793 -003.9 030.93
01.882 2793 -003.9 031.01
01.882 2793 -003.9 031.10
01.939 2793 -003.8 031.19
01.939 2793 -003.8 031.27
01.939 2793 -003.8 031.35
01.939 2793 -003.8 031.43
01.939 2793 -003.8 031.52
01.939 2793 -003.8 031.60
01.939 2793 -003.8 031.68
01.939 2793 -003.8 031.76
01.835 2793 -004.2 031.85
01.835 2793 -004.2 031.93
01.835 2793 -004.2 032.01
01.835 2793 -004.2 032.10
01.835 2793 -004.2 032.18
01.835 2793 -004.2 032.26
01.835 2793 -004.2 032.34
01.847 2793 -004.1 032.42
01.847 2793 -004.1 032.52
01.847 2793 -004.1 032.60
01.847 2793 -004.1 032.69
01.847 2793 -004.1 032.77
01.847 2793 -004.1 032.86
01.847 2793 -004.1 032.94
02.253 2774 -004.1 033.02
02.253 2774 -004.1 033.10
02.253 2774 -004.1 033.19
02.253 2774 -004.1 033.27
02.253 2774 -004.1 033.35
02.253 2774 -004.1 033.43
02.253 2774 -004.1 033.51
01.954 2793 -004.3 033.60
01.954 2793 -004.3 033.68
01.954 2793 -004.3 033.77
01.954 2793 -004.3 033.85
01.954 2793 -004.3 033.93
01.954 2793 -004.3 034.01
01.954 2793 -004.3 034.10
01.954 2793 -004.3 034.18
01.895 2793 -004.4 034.26
01.895 2793 -004.4 034.34
01.895 2793 -004.4 034.43
01.895 2793 -004.4 034.51
01.895 2793 -004.4 034.59
01.895 2793 -004.4 034.67
01.895 2793 -004.4 034.75
02.001 2793 -004.6 034.84
02.001 2793 -004.6 034.92
02.001 2793 -004.6 035.00
02.001 2793 -004.6 035.09
02.001 2793 -004.6 035.18
02.001 2793 -004.6 035.26
02.001 2793 -004.6 035.34
02.006 2793 -004.6 035.42
02.006 2793 -004.6 035.50
02.006 2793 -004.6 035.58
02.006 2793 -004.6 035.67
02.006 2793 -004.6 035.75
02.006 2793 -004.6 035.84
02.006 2793 -004.6 035.92
02.08 2793 -004.7 036.00
02.08 2793 -004.7 036.08
02.08 2793 -004.7 036.17
02.08 2793 -004.7 036.25
02.08 2793 -004.7 036.33
02.08 2793 -004.7 036.41
02.08 2793 -004.7 036.49
02.08 2793 -004.7 036.58
02.589 2774 -004.9 036.66
02.589 2774 -004.9 036.74
02.589 2774 -004.9 036.83
02.589 2774 -004.9 036.91
02.589 2774 -004.9 036.99
02.589 2774 -004.9 037.08
02.589 2774 -004.9 037.16
02.459 2774 -004.9 037.24
02.459 2774 -004.9 037.32
02.459 2774 -004.9 037.41
02.459 2774 -004.9 037.51
02.459 2774 -004.9 037.60
02.459 2774 -004.9 037.68
02.459 2774 -004.9 037.77
01.985 2793 -005.1 037.85
01.985 2793 -005.1 037.94
01.985 2793 -005.1 038.02
01.985 2793 -005.1 038.10
01.985 2793 -005.1 038.18
01.985 2793 -005.1 038.27
01.985 2793 -005.1 038.35
01.955 2774 -005.3 038.43
01.955 2774 -005.3 038.51
01.955 2774 -005.3 038.60
01.955 2774 -005.3 038.68
01.955 2774 -005.3 038.76
01.955 2774 -005.3 038.85
01.955 2774 -005.3 038.95
02.313 2793 -005.4 039.04
02.313 2793 -005.4 039.12
02.313 2793 -005.4 039.20
02.313 2793 -005.4 039.28
02.313 2793 -005.4 039.36
02.313 2793 -005.4 039.45
02.313 2793 -005.4 039.53
02.132 2793 -005.5 039.61
02.132 2793 -005.5 039.69
02.132 2793 -005.5 039.78
02.132 2793 -005.5 039.86
02.132 2793 -005.5 039.94
02.132 2793 -005.5 040.03
02.132 2793 -005.5 040.11
02.132 2793 -005.5 040.20
02.054 2793 -005.6 040.28
02.054 2793 -005.6 040.37
02.054 2793 -005.6 040.46
02.054 2793 -005.6 040.55
02.054 2793 -005.6 040.63
02.054 2793 -005.6 040.72
02.085 2793 -005.6 040.80
02.085 2774 -005.5 040.88
02.085 2774 -005.5 040.96
02.085 2774 -005.5 041.05
02.085 2774 -005.5 041.13
02.085 2774 -005.5 041.21
02.085 2774 -005.5 041.31
02.085 2774 -005.5 041.41
02.095 2793 -005.5 041.49
02.095 2793 -005.5 041.57
02.095 2793 -005.5 041.66
02.095 2793 -005.5 041.74
02.095 2793 -005.5 041.82
02.095 2793 -005.5 041.91
02.095 2793 -005.5 041.99
02.082 2774 -005.7 042.07
02.082 2774 -005.7 042.17
02.082 2774 -005.7 042.25
02.082 2774 -005.7 042.33
02.082 2774 -005.7 042.42
02.082 2774 -005.7 042.50
02.082 2774 -005.7 042.58
02.278 2774 -005.8 042.67
02.278 2774 -005.8 042.76
02.278 2774 -005.8 042.84
02.278 2774 -005.8 042.92
02.278 2774 -005.8 043.00
02.278 2774 -005.8 043.09
02.278 2774 -005.8 043.17
02.574 2774 -005.8 043.25
02.574 2774 -005.8 043.33
02.574 2774 -005.8 043.42
02.574 2774 -005.8 043.50
02.574 2774 -005.8 043.58
02.574 2774 -005.8 043.66
02.574 2774 -005.8 043.75
02.671 2774 -005.8 043.83
02.671 2774 -005.8 043.91
02.671 2774 -005.8 044.01
02.671 2774 -005.8 044.10
02.671 2774 -005.8 044.18
02.671 2774 -005.8 044.26
02.671 2774 -005.8 044.34
02.892 2774 -005.8 044.42
02.892 2774 -005.9 044.50
02.892 2774 -005.9 044.58
02.892 2774 -005.9 044.67
02.892 2774 -005.9 044.75
02.892 2774 -005.9 044.83
02.892 2774 -005.9 044.91
02.892 2774 -005.9 044.99
02.851 2755 -005.9 045.08
02.851 2755 -005.9 045.16
02.851 2755 -005.9 045.25
02.851 2755 -005.9 045.34
02.851 2755 -005.9 045.42
02.851 2755 -005.9 045.50
02.851 2755 -005.9 045.59
02.793 2774 -006.0 045.67
02.793 2774 -006.0 045.75
02.793 2774 -006.0 045.83
02.793 2774 -006.0 045.92
02.793 2774 -006.0 046.01
02.793 2774 -006.0 046.09
02.793 2774 -006.0 046.17
02.589 2793 -006.1 046.25
02.589 2793 -006.1 046.33
02.589 2793 -006.1 046.43
02.589 2793 -006.1 046.52
02.589 2793 -006.1 046.60
02.589 2793 -006.1 046.70
02.589 2793 -006.1 046.78
02.263 2774 -006.1 046.86
02.263 2774 -006.1 046.94
02.263 2774 -006.1 047.03
02.263 2774 -006.1 047.11
02.263 2774 -006.1 047.19
02.263 2774 -006.1 047.27
02.263 2774 -006.1 047.35
02.218 2774 -006.1 047.44
02.218 2774 -006.1 047.51
02.218 2774 -006.1 047.60
02.218 2774 -006.1 047.68
02.218 2774 -006.1 047.77
02.218 2774 -006.1 047.86
02.218 2774 -006.1 047.94
02.218 2774 -006.1 048.02
02.658 2793 -006.1 048.10
02.658 2793 -006.1 048.18
02.658 2793 -006.1 048.27
02.658 2793 -006.1 048.35
02.658 2793 -006.1 048.43
02.658 2793 -006.1 048.52
02.658 2793 -006.1 048.61
02.365 2812 -006.4 048.69
02.365 2812 -006.4 048.77
02.365 2812 -006.4 048.86
02.365 2812 -006.4 048.94
02.365 2812 -006.4 049.03
02.365 2812 -006.4 049.13
02.365 2812 -006.4 049.21
02.283 2793 -006.7 049.29
02.283 2793 -006.7 049.37
02.283 2793 -006.7 049.45
02.283 2793 -006.7 049.54
02.283 2793 -006.7 049.62
02.283 2793 -006.7 049.70
02.283 2793 -006.7 049.78
02.257 2774 -006.4 049.86
02.257 2774 -006.4 049.95
02.257 2774 -006.4 050.05
02.257 2774 -006.4 050.13
02.257 2774 -006.4 050.21
02.257 2774 -006.4 050.29
02.257 2774 -006.4 050.39
02.67 2793 -006.5 050.47
02.67 2793 -006.5 050.55
02.67 2793 -006.5 050.63
02.67 2793 -006.5 050.71
02.67 2793 -006.5 050.79
02.67 2793 -006.5 050.88
02.67 2793 -006.5 050.96
02.597 2774 -006.5 051.05
02.597 2774 -006.6 051.13
02.597 2774 -006.6 051.21
02.597 2774 -006.6 051.30
02.597 2774 -006.6 051.38
02.597 2774 -006.6 051.46
02.597 2774 -006.6 051.54
02.522 2793 -006.6 051.64
02.522 2793 -006.8 051.72
02.522 2793 -006.8 051.80
02.522 2793 -006.8 051.88
02.522 2793 -006.8 051.97
02.522 2793 -006.8 052.05
02.522 2793 -006.8 052.13
02.522 2793 -006.8 052.21
02.911 2774 -006.7 052.30
02.911 2774 -006.7 052.38
02.911 2774 -006.7 052.46
02.911 2774 -006.7 052.54
02.911 2774 -006.7 052.63
02.911 2774 -006.7 052.71
02.911 2774 -006.7 052.79
02.953 2774 -006.7 052.88
02.953 2774 -006.7 052.97
02.953 2774 -006.7 053.05
02.953 2774 -006.7 053.13
02.953 2774 -006.7 053.21
02.953 2774 -006.7 053.29
02.953 2774 -006.7 053.38
02.942 2774 -006.7 053.46
02.942 2774 -006.7 053.54
02.942 2774 -006.7 053.62
02.942 2774 -006.7 053.70
02.942 2774 -006.7 053.78
02.942 2774 -006.7 053.87
02.942 2774 -006.7 053.95
02.942 2774 -006.7 054.03
03.088 2755 -007.1 054.11
03.088 2755 -007.1 054.21
03.088 2755 -007.1 054.30
03.088 2755 -007.1 054.38
03.088 2755 -007.1 054.46
03.088 2755 -007.1 054.56
03.081 2755 -007.1 054.64
03.081 2774 -007.2 054.73
03.081 2774 -007.2 054.81
03.081 2774 -007.2 054.90
03.081 2774 -007.2 054.98
03.081 2774 -007.2 055.06
03.081 2774 -007.2 055.15
03.081 2774 -007.2 055.23
02.997 2755 -007.3 055.31
02.997 2755 -007.3 055.40
02.997 2755 -007.3 055.49
02.997 2755 -007.3 055.57
02.997 2755 -007.3 055.66
02.997 2755 -007.3 055.74
02.997 2755 -007.3 055.83
03.151 2793 -007.1 055.90
03.151 2793 -007.1 055.99
03.151 2793 -007.1 056.07
03.151 2793 -007.1 056.15
03.151 2793 -007.1 056.23
03.151 2793 -007.1 056.32
03.151 2793 -007.1 056.41
03.08 2793 -007.4 056.49
03.08 2793 -007.4 056.57
03.08 2793 -007.4 056.67
03.08 2793 -007.4 056.76
03.08 2793 -007.4 056.84
03.08 2793 -007.4 056.93
03.08 2793 -007.4 057.02
03.046 2755 -007.4 057.10
03.046 2755 -007.4 057.18
03.046 2755 -007.4 057.26
03.046 2755 -007.4 057.35
03.046 2755 -007.4 057.44
03.046 2755 -007.4 057.52
03.046 2755 -007.4 057.61
02.947 2774 -007.5 057.70
02.947 2774 -007.5 057.78
02.947 2774 -007.5 057.86
02.947 2774 -007.5 057.94
02.947 2774 -007.5 058.04
02.947 2774 -007.5 058.12
02.947 2774 -007.5 058.20
02.843 2774 -007.6 058.28
02.843 2774 -007.6 058.36
02.843 2774 -007.6 058.44
02.843 2774 -007.6 058.53
02.843 2774 -007.6 058.61
02.843 2774 -007.6 058.69
02.843 2774 -007.6 058.77
02.853 2774 -007.6 058.85
02.853 2774 -007.6 058.94
02.853 2774 -007.6 059.03
02.853 2774 -007.6 059.11
02.853 2774 -007.6 059.20
02.853 2774 -007.6 059.28
02.853 2774 -007.6 059.36
02.814 2793 -007.6 059.47
02.814 2793 -007.9 059.56
02.814 2793 -007.9 059.66
02.814 2793 -007.9 059.74
02.814 2793 -007.9 059.83
02.814 2793 -007.9 059.91
02.814 2793 -007.9 059.99
03.05 2774 -007.9 060.08
03.05 2774 -007.9 060.17
03.05 2774 -007.9 060.25
03.05 2774 -007.9 060.33
03.05 2774 -007.9 060.42
03.05 2774 -007.9 060.50
03.05 2774 -007.9 060.59
03.165 2755 -007.9 060.67
03.165 2755 -008.0 060.75
03.165 2755 -008.0 060.84
03.165 2755 -008.0 060.92
03.165 2755 -008.0 061.00
03.165 2755 -008.0 061.08
03.165 2755 -008.0 061.17
03.165 2755 -008.0 061.25
03.143 2774 -008.1 061.34
03.143 2774 -008.1 061.43
03.143 2774 -008.1 061.52
03.143 2774 -008.1 061.60
03.143 2774 -008.1 061.69
03.143 2774 -008.1 061.77
03.143 2774 -008.1 061.86
03.185 2774 -008.0 061.94
03.185 2774 -008.0 062.05
03.185 2774 -008.0 062.13
03.185 2774 -008.0 062.21
03.185 2774 -008.0 062.32
03.185 2774 -008.0 062.40
03.084 2755 -008.3 062.49
03.084 2755 -008.3 062.58
03.084 2755 -008.3 062.66
03.084 2755 -008.3 062.74
03.084 2755 -008.3 062.83
03.084 2755 -008.3 062.91
03.084 2755 -008.3 062.99
03.154 2755 -008.3 063.07
03.154 2774 -008.3 063.17
03.154 2774 -008.3 063.25
03.154 2774 -008.3 063.33
03.154 2774 -008.3 063.41
03.154 2774 -008.3 063.49
03.154 2774 -008.3 063.58
03.154 2774 -008.3 063.66
03.114 2793 -008.4 063.74
03.114 2793 -008.4 063.83
03.114 2793 -008.4 063.91
03.114 2793 -008.4 063.99
03.114 2793 -008.4 064.07
03.114 2793 -008.4 064.15
03.114 2793 -008.4 064.24
03.172 2774 -008.4 064.32
03.172 2774 -008.4 064.41
03.172 2774 -008.4 064.49
03.172 2774 -008.4 064.59
03.172 2774 -008.4 064.68
03.172 2774 -008.4 064.76
03.172 2774 -008.4 064.84
03.185 2755 -008.5 064.93
03.185 2755 -008.5 065.01
03.185 2755 -008.5 065.09
03.185 2755 -008.5 065.18
03.185 2755 -008.5 065.26
03.185 2755 -008.5 065.35
03.185 2755 -008.5 065.42
03.127 2774 -008.5 065.51
03.127 2774 -008.5 065.59
03.127 2774 -008.5 065.68
03.127 2774 -008.5 065.77
03.127 2774 -008.5 065.85
03.127 2774 -008.5 065.93
03.127 2774 -008.5 066.01
03.157 2755 -008.5 066.10
03.157 2755 -008.7 066.18
03.157 2755 -008.7 066.28
03.157 2755 -008.7 066.36
03.157 2755 -008.7 066.44
03.157 2755 -008.7 066.54
03.157 2755 -008.7 066.62
03.125 2774 -009.0 066.72
03.125 2774 -009.0 066.81
03.125 2774 -009.0 066.89
03.125 2774 -009.0 066.98
03.125 2774 -009.0 067.07
03.125 2774 -009.0 067.16
03.125 2774 -009.0 067.25
03.128 2774 -009.0 067.33
03.128 2774 -009.0 067.41
03.128 2774 -009.0 067.49
03.128 2774 -009.0 067.57
03.128 2774 -009.0 067.66
03.128 2774 -009.0 067.74
03.128 2774 -009.0 067.82
03.034 2812 -009.1 067.91
03.034 2812 -009.1 067.99
03.034 2812 -009.1 068.08
03.034 2812 -009.1 068.17
03.034 2812 -009.1 068.26
03.034 2812 -009.1 068.35
03.034 2812 -009.1 068.43
03.115 2774 -009.0 068.51
03.115 2774 -009.0 068.59
03.115 2774 -009.0 068.67
03.115 2774 -009.0 068.76
03.115 2774 -009.0 068.84
03.115 2774 -009.0 068.93
03.115 2774 -009.0 069.01
03.102 2774 -009.0 069.09
03.102 2774 -009.0 069.17
03.102 2774 -009.0 069.26
03.102 2774 -009.0 069.34
03.102 2774 -009.0 069.42
03.102 2774 -009.0 069.51
03.102 2774 -009.0 069.59
03.102 2774 -009.0 069.70
02.73 2812 -009.1 069.78
02.73 2812 -009.1 069.86
02.73 2812 -009.1 069.95
02.73 2812 -009.1 070.06
02.73 2812 -009.1 070.14
02.73 2812 -009.1 070.22
02.913 2774 -009.2 070.32
02.913 2774 -009.2 070.41
02.913 2774 -009.2 070.49
02.913 2774 -009.2 070.57
02.913 2774 -009.2 070.67
02.913 2774 -009.2 070.76
02.913 2774 -009.2 070.84
03.021 2774 -009.4 070.92
03.021 2774 -009.4 071.00
03.021 2774 -009.4 071.08
03.021 2774 -009.4 071.16
03.021 2774 -009.4 071.25
03.021 2774 -009.4 071.33
03.021 2774 -009.4 071.41
03.156 2774 -009.4 071.50
03.156 2774 -009.5 071.58
03.156 2774 -009.5 071.66
03.156 2774 -009.5 071.74
03.156 2774 -009.5 071.82
03.156 2774 -009.5 071.91
03.156 2774 -009.5 072.00
03.225 2774 -009.5 072.10
03.225 2755 -009.3 072.20
03.225 2755 -009.3 072.29
03.225 2755 -009.3 072.38
03.225 2755 -009.3 072.46
03.225 2755 -009.3 072.54
03.225 2755 -009.3 072.62
03.225 2755 -009.3 072.70
03.219 2774 -009.8 072.79
03.219 2774 -009.8 072.87
03.219 2774 -009.8 072.95
03.219 2774 -009.8 073.04
03.219 2774 -009.8 073.14
03.219 2774 -009.8 073.23
03.238 2755 -009.8 073.33
03.238 2755 -009.6 073.41
03.238 2755 -009.6 073.50
03.238 2755 -009.6 073.58
03.238 2755 -009.6 073.66
03.238 2755 -009.6 073.74
03.238 2755 -009.6 073.82
03.238 2755 -009.6 073.91
03.183 2774 -009.8 073.99
03.183 2774 -009.8 074.07
03.183 2774 -009.8 074.16
03.183 2774 -009.8 074.24
03.183 2774 -009.8 074.33
03.183 2774 -009.8 074.41
03.183 2774 -009.8 074.49
03.269 2755 -009.7 074.57
03.269 2755 -009.7 074.65
03.269 2755 -009.7 074.74
03.269 2755 -009.7 074.82
03.269 2755 -009.7 074.91
03.269 2755 -009.7 074.99
03.269 2755 -009.7 075.07
03.303 2793 -010.3 075.17
03.303 2793 -010.3 075.25
03.303 2793 -010.3 075.33
03.303 2793 -010.3 075.41
03.303 2793 -010.3 075.49
03.303 2793 -010.3 075.57
03.303 2793 -010.3 075.66
03.281 2774 -010.2 075.74
03.281 2774 -010.2 075.82
03.281 2774 -010.2 075.92
03.281 2774 -010.2 076.00
03.281 2774 -010.2 076.08
03.281 2774 -010.2 076.16
03.281 2774 -010.2 076.25
03.293 2755 -010.0 076.34
03.293 2755 -010.0 076.42
03.293 2755 -010.0 076.50
03.293 2755 -010.0 076.58
03.293 2755 -010.0 076.67
03.293 2755 -010.0 076.75
03.293 2755 -010.0 076.84
03.303 2774 -010.0 076.93
03.303 2774 -010.2 077.01
03.303 2774 -010.2 077.09
03.303 2774 -010.2 077.18
03.303 2774 -010.2 077.26
03.303 2774 -010.2 077.34
03.303 2774 -010.2 077.42
03.303 2774 -010.2 077.51
03.292 2774 -010.3 077.59
03.292 2774 -010.3 077.67
03.292 2774 -010.3 077.75
03.292 2774 -010.3 077.85
03.292 2774 -010.3 077.93
03.292 2774 -010.3 078.01
03.292 2774 -010.3 078.09
03.23 2774 -010.5 078.17
03.23 2774 -010.5 078.26
03.23 2774 -010.5 078.34
03.23 2774 -010.5 078.43
03.23 2774 -010.5 078.51
03.23 2774 -010.5 078.60
03.23 2774 -010.5 078.68
03.109 2774 -010.7 078.76
03.109 2774 -010.7 078.84
03.109 2774 -010.7 078.93
03.109 2774 -010.7 079.01
03.109 2774 -010.7 079.09
03.109 2774 -010.7 079.18
03.109 2774 -010.7 079.26
03.305 2793 -010.6 079.34
03.305 2793 -010.6 079.42
03.305 2793 -010.6 079.51
03.305 2793 -010.6 079.59
03.305 2793 -010.6 079.67
03.305 2793 -010.6 079.76
03.305 2793 -010.6 079.85
03.272 2774 -010.6 079.93
03.272 2774 -010.6 080.01
03.272 2774 -010.6 080.09
03.272 2774 -010.6 080.17
03.272 2774 -010.6 080.26
03.272 2774 -010.6 080.34
03.272 2774 -010.6 080.42
03.272 2774 -010.6 080.50
03.276 2793 -010.7 080.58
03.276 2793 -010.7 080.67
03.276 2793 -010.7 080.75
03.276 2793 -010.7 080.84
03.276 2793 -010.7 080.92
03.276 2793 -010.7 081.01
03.276 2793 -010.7 081.09
03.238 2774 -010.8 081.18
03.238 2774 -010.8 081.26
03.238 2774 -010.8 081.34
03.238 2774 -010.8 081.42
03.238 2774 -010.8 081.51
03.238 2774 -010.8 081.59
03.238 2774 -010.8 081.68
03.358 2793 -010.9 081.76
03.358 2793 -010.9 081.85
03.358 2793 -010.9 081.93
03.358 2793 -010.9 082.01
03.358 2793 -010.9 082.09
03.358 2793 -010.9 082.17
03.358 2793 -010.9 082.26
03.036 2793 -010.9 082.34
03.036 2774 -010.9 082.42
03.036 2774 -010.9 082.50
03.036 2774 -010.9 082.58
03.036 2774 -010.9 082.67
03.036 2774 -010.9 082.75
03.036 2774 -010.9 082.84
03.036 2774 -010.9 082.93
03.154 2793 -011.2 083.01
03.154 2793 -011.2 083.09
03.154 2793 -011.2 083.17
03.154 2793 -011.2 083.25
03.154 2793 -011.2 083.34
03.154 2793 -011.2 083.42
03.154 2793 -011.2 083.50
02.864 2774 -011.2 083.59
02.864 2774 -011.2 083.68
02.864 2774 -011.2 083.76
02.864 2774 -011.2 083.84
02.864 2774 -011.2 083.92
02.864 2774 -011.2 084.01
02.864 2774 -011.2 084.09
02.773 2793 -011.2 084.17
02.773 2793 -011.2 084.25
02.773 2793 -011.2 084.33
02.773 2793 -011.2 084.42
02.773 2793 -011.2 084.50
02.773 2793 -011.2 084.58
02.773 2793 -011.2 084.66
02.773 2793 -011.2 084.74
02.56 2831 -011.2 084.83
02.56 2831 -011.2 084.93
02.56 2831 -011.2 085.01
02.56 2831 -011.2 085.09
02.56 2831 -011.2 085.18
02.56 2831 -011.2 085.26
02.945 2831 -011.2 085.34
02.945 2774 -011.4 085.43
02.945 2774 -011.4 085.51
02.945 2774 -011.4 085.59
02.945 2774 -011.4 085.68
02.945 2774 -011.4 085.76
02.945 2774 -011.4 085.84
02.945 2774 -011.4 085.93
02.918 2793 -011.5 086.01
02.918 2793 -011.5 086.11
02.918 2793 -011.5 086.19
02.918 2793 -011.5 086.27
02.918 2793 -011.5 086.35
02.918 2793 -011.5 086.45
02.918 2793 -011.5 086.53
03.008 2774 -011.6 086.61
03.008 2774 -011.6 086.71
03.008 2774 -011.6 086.79
03.008 2774 -011.6 086.88
03.008 2774 -011.6 086.96
03.008 2774 -011.6 087.04
03.008 2774 -011.6 087.12
03.018 2793 -011.7 087.20
03.018 2793 -011.7 087.31
03.018 2793 -011.7 087.39
03.018 2793 -011.7 087.48
03.018 2793 -011.7 087.57
03.018 2793 -011.7 087.65
03.018 2793 -011.7 087.74
02.957 2793 -011.7 087.82
02.957 2793 -011.7 087.91
02.957 2793 -011.7 087.99
02.957 2793 -011.7 088.08
02.957 2793 -011.7 088.16
02.957 2793 -011.7 088.24
02.957 2793 -011.7 088.32
02.752 2774 -011.8 088.41
02.752 2774 -011.8 088.49
02.752 2774 -011.8 088.57
02.752 2774 -011.8 088.67
02.752 2774 -011.8 088.75
02.752 2774 -011.8 088.83
02.752 2774 -011.8 088.91
02.911 2793 -011.9 088.99
02.911 2793 -011.9 089.09
02.911 2793 -011.9 089.17
02.911 2793 -011.9 089.25
02.911 2793 -011.9 089.33
02.911 2793 -011.9 089.43
02.911 2793 -011.9 089.51
02.91 2774 -011.8 089.59
02.91 2774 -011.8 089.67
02.91 2774 -011.8 089.76
02.91 2774 -011.8 089.84
02.91 2774 -011.8 089.94
02.91 2774 -011.8 090.03
02.91 2774 -011.8 090.11
02.861 2812 -012.1 090.20
02.861 2812 -012.1 090.28
02.861 2812 -012.1 090.36
02.861 2812 -012.1 090.44
02.861 2812 -012.1 090.55
02.861 2812 -012.1 090.63
02.861 2812 -012.1 090.71
03.042 2812 -012.2 090.80
03.042 2812 -012.2 090.88
03.042 2812 -012.2 090.96
03.042 2812 -012.2 091.04
03.042 2812 -012.2 091.13
03.042 2812 -012.2 091.22
03.042 2812 -012.2 091.30
03.072 2774 -012.2 091.39
03.072 2774 -012.2 091.47
03.072 2774 -012.2 091.55
03.072 2774 -012.2 091.64
03.072 2774 -012.2 091.75
03.072 2774 -012.2 091.83
03.072 2774 -012.2 091.91
02.953 2774 -012.1 092.00
02.953 2774 -012.1 092.09
02.953 2774 -012.1 092.17
02.953 2774 -012.1 092.27
02.953 2774 -012.1 092.35
02.953 2774 -012.1 092.43
02.953 2774 -012.1 092.52
03.02 2793 -012.1 092.60
03.02 2793 -012.1 092.69
03.02 2793 -012.1 092.78
03.02 2793 -012.1 092.86
03.02 2793 -012.1 092.94
03.02 2793 -012.1 093.02
03.02 2793 -012.1 093.11
03.063 2774 -012.4 093.19
03.063 2774 -012.4 093.27
03.063 2774 -012.4 093.36
03.063 2774 -012.4 093.44
03.063 2774 -012.4 093.52
03.063 2774 -012.4 093.61
03.063 2774 -012.4 093.69
03.055 2774 -012.4 093.77
03.055 2793 -012.6 093.85
03.055 2793 -012.6 093.94
03.055 2793 -012.6 094.02
03.055 2793 -012.6 094.10
03.055 2793 -012.6 094.18
03.055 2793 -012.6 094.28
03.055 2793 -012.6 094.36
03.133 2774 -012.7 094.45
03.133 2774 -012.7 094.54
03.133 2774 -012.7 094.62
03.133 2774 -012.7 094.70
03.133 2774 -012.7 094.79
03.133 2774 -012.7 094.87
03.133 2774 -012.7 094.96
03.131 2774 -012.7 095.06
03.131 2774 -012.7 095.14
03.131 2774 -012.7 095.23
03.131 2774 -012.7 095.32
03.131 2774 -012.7 095.40
03.131 2774 -012.7 095.48
03.131 2774 -012.7 095.56
02.944 2774 -012.8 095.65
02.944 2774 -012.8 095.73
02.944 2774 -012.8 095.81
02.944 2774 -012.8 095.90
02.944 2774 -012.8 095.98
02.944 2774 -012.8 096.06
02.944 2774 -012.8 096.14
02.809 2812 -012.8 096.23
02.809 2812 -012.8 096.32
02.809 2812 -012.8 096.39
02.809 2812 -012.8 096.48
02.809 2812 -012.8 096.56
02.809 2812 -012.8 096.65
02.809 2812 -012.8 096.74
02.905 2774 -012.8 096.82
02.905 2774 -012.8 096.90
02.905 2774 -012.8 096.99
02.905 2774 -012.8 097.09
02.905 2774 -012.8 097.17
02.905 2774 -012.8 097.25
02.905 2774 -012.8 097.33
02.811 2793 -013.3 097.42
02.811 2793 -013.3 097.50
02.811 2793 -013.3 097.59
02.811 2793 -013.3 097.69
02.811 2793 -013.3 097.79
02.811 2793 -013.3 097.87
02.811 2793 -013.3 097.95
02.788 2793 -013.2 098.04
02.788 2793 -013.2 098.12
02.788 2793 -013.2 098.20
02.788 2793 -013.2 098.29
02.788 2793 -013.2 098.37
02.788 2793 -013.2 098.46
02.788 2793 -013.2 098.54
02.958 2774 -013.2 098.63
02.958 2774 -013.2 098.71
02.958 2774 -013.2 098.80
02.958 2774 -013.2 098.88
02.958 2774 -013.2 098.96
02.958 2774 -013.2 099.04
02.958 2774 -013.2 099.12
02.984 2793 -013.1 099.21
02.984 2793 -013.1 099.29
02.984 2793 -013.1 099.37
02.984 2793 -013.1 099.47
02.984 2793 -013.1 099.55
02.984 2793 -013.1 099.62
02.984 2793 -013.1 099.71
02.984 2793 -013.1 099.79
02.994 2793 -013.1 099.87
02.994 2793 -013.1 099.95
02.994 2793 -013.1 100.03
02.994 2793 -013.1 100.13
02.994 2793 -013.1 100.22
02.994 2793 -013.1 100.30
02.994 2793 -013.1 100.37
03.274 2793 -013.2 100.46
03.274 2793 -013.2 100.54
03.274 2793 -013.2 100.62
03.274 2793 -013.2 100.71
03.274 2793 -013.2 100.79
03.274 2793 -013.2 100.87
03.274 2793 -013.2 100.96
02.735 2812 -013.5 101.04
02.735 2812 -013.5 101.12
02.735 2812 -013.5 101.21
02.735 2812 -013.5 101.29
02.735 2812 -013.5 101.39
02.735 2812 -013.5 101.48
02.735 2812 -013.5 101.56
02.895 2793 -013.6 101.65
02.895 2793 -013.6 101.73
02.895 2793 -013.6 101.82
02.895 2793 -013.6 101.90
02.895 2793 -013.6 101.98
02.895 2793 -013.6 102.08
02.895 2793 -013.6 102.17
03.19 2774 -013.7 102.25
03.19 2774 -013.7 102.33
03.19 2774 -013.7 102.42
03.19 2774 -013.7 102.50
03.19 2774 -013.7 102.59
03.19 2774 -013.7 102.69
03.19 2774 -013.7 102.78
03.222 2774 -013.6 102.86
03.222 2774 -013.6 102.95
03.222 2774 -013.6 103.03
03.222 2774 -013.6 103.11
03.222 2774 -013.6 103.19
03.222 2774 -013.6 103.27
03.222 2774 -013.6 103.36
03.255 2774 -013.7 103.44
03.255 2774 -013.7 103.52
03.255 2774 -013.7 103.60
03.255 2774 -013.7 103.69
03.255 2774 -013.7 103.77
03.255 2774 -013.7 103.85
03.255 2774 -013.7 103.94
03.165 2774 -013.8 104.03
03.165 2774 -013.8 104.11
03.165 2774 -013.8 104.19
03.165 2774 -013.8 104.27
03.165 2774 -013.8 104.36
03.165 2774 -013.8 104.44
03.165 2774 -013.8 104.52
03.31 2774 -013.8 104.60
03.31 2755 -013.9 104.69
03.31 2755 -013.9 104.77
03.31 2755 -013.9 104.86
03.31 2755 -013.9 104.94
03.31 2755 -013.9 105.02
03.31 2755 -013.9 105.10
03.31 2755 -013.9 105.18
02.974 2774 -014.0 105.26
02.974 2774 -014.0 105.35
02.974 2774 -014.0 105.43
02.974 2774 -014.0 105.51
02.974 2774 -014.0 105.59
02.974 2774 -014.0 105.67
02.974 2774 -014.0 105.75
02.901 2812 -013.9 105.84
02.901 2812 -013.9 105.93
02.901 2812 -013.9 106.01
02.901 2812 -013.9 106.09
02.901 2812 -013.9 106.17
02.901 2812 -013.9 106.25
02.901 2812 -013.9 106.34
02.793 2774 -014.0 106.45
02.793 2774 -014.0 106.53
02.793 2774 -014.0 106.61
02.793 2774 -014.0 106.70
02.793 2774 -014.0 106.79
02.793 2774 -014.0 106.87
02.793 2774 -014.0 106.96
02.514 2793 -014.0 107.04
02.514 2793 -014.0 107.13
02.514 2793 -014.0 107.21
02.514 2793 -014.0 107.30
02.514 2793 -014.0 107.39
02.514 2793 -014.0 107.47
02.514 2793 -014.0 107.55
02.888 2793 -014.2 107.63
02.888 2793 -014.2 107.72
02.888 2793 -014.2 107.81
02.888 2793 -014.2 107.89
02.888 2793 -014.2 107.97
02.888 2793 -014.2 108.06
02.888 2793 -014.2 108.14
02.888 2793 -014.2 108.22
03.031 2774 -014.3 108.31
03.031 2774 -014.3 108.39
03.031 2774 -014.3 108.47
03.031 2774 -014.3 108.56
03.031 2774 -014.3 108.65
03.031 2774 -014.3 108.73
03.031 2774 -014.3 108.81
03.054 2774 -014.3 108.90
03.054 2774 -014.3 108.98
03.054 2774 -014.3 109.07
03.054 2774 -014.3 109.16
03.054 2774 -014.3 109.25
03.054 2774 -014.3 109.33
03.054 2774 -014.3 109.41
02.966 2774 -014.6 109.50
02.966 2774 -014.6 109.58
02.966 2774 -014.6 109.66
02.966 2774 -014.6 109.74
02.966 2774 -014.6 109.83
02.966 2774 -014.6 109.91
02.966 2774 -014.6 109.99
03.153 2774 -014.4 110.07
03.153 2774 -014.4 110.16
03.153 2774 -014.4 110.26
03.153 2774 -014.4 110.34
03.153 2774 -014.4 110.42
03.153 2774 -014.4 110.50
03.153 2774 -014.4 110.58
02.969 2774 -014.4 110.67
02.969 2774 -014.4 110.75
02.969 2774 -014.4 110.83
02.969 2774 -014.4 110.92
02.969 2774 -014.4 111.00
02.969 2774 -014.4 111.08
02.969 2774 -014.4 111.16
02.919 2793 -014.7 111.25
02.919 2793 -014.7 111.33
02.919 2793 -014.7 111.42
02.919 2793 -014.7 111.50
02.919 2793 -014.7 111.58
02.919 2793 -014.7 111.68
02.919 2793 -014.7 111.76
02.955 2774 -015.0 111.85
02.955 2774 -015.0 111.93
02.955 2774 -015.0 112.02
02.955 2774 -015.0 112.10
02.955 2774 -015.0 112.19
02.955 2774 -015.0 112.27
02.955 2774 -015.0 112.35
03.162 2774 -015.0 112.43
03.162 2774 -014.9 112.53
03.162 2774 -014.9 112.62
03.162 2774 -014.9 112.70
03.162 2774 -014.9 112.78
03.162 2774 -014.9 112.86
03.162 2774 -014.9 112.94
03.162 2774 -014.9 113.02
03.268 2774 -015.2 113.11
03.268 2774 -015.2 113.19
03.268 2774 -015.2 113.27
03.268 2774 -015.2 113.35
03.268 2774 -015.2 113.44
03.268 2774 -015.2 113.51
03.268 2774 -015.2 113.60
03.195 2774 -015.1 113.68
03.195 2774 -015.1 113.77
03.195 2774 -015.1 113.86
03.195 2774 -015.1 113.94
03.195 2774 -015.1 114.02
03.195 2774 -015.1 114.10
03.195 2774 -015.1 114.20
03.298 2755 -015.3 114.28
03.298 2755 -015.3 114.36
03.298 2755 -015.3 114.44
03.298 2755 -015.3 114.53
03.298 2755 -015.3 114.61
03.298 2755 -015.3 114.69
03.298 2755 -015.3 114.77
03.268 2774 -015.4 114.86
03.268 2774 -015.4 114.94
03.268 2774 -015.4 115.02
03.268 2774 -015.4 115.10
03.268 2774 -015.4 115.18
03.268 2774 -015.4 115.27
03.268 2774 -015.4 115.35
03.268 2774 -015.4 115.43
03.344 2793 -015.4 115.51
03.344 2793 -015.4 115.59
03.344 2793 -015.4 115.67
03.344 2793 -015.4 115.75
03.344 2793 -015.4 115.84
03.344 2793 -015.4 115.92
03.344 2793 -015.4 116.00
03.104 2774 -015.4 116.08
03.104 2774 -015.4 116.16
03.104 2774 -015.4 116.25
03.104 2774 -015.4 116.33
03.104 2774 -015.4 116.41
03.104 2774 -015.4 116.49
03.104 2774 -015.4 116.57
03.221 2774 -015.4 116.66
03.221 2774 -015.7 116.76
03.221 2774 -015.7 116.85
03.221 2774 -015.7 116.93
03.221 2774 -015.7 117.01
03.221 2774 -015.7 117.09
03.221 2774 -015.7 117.17
03.153 2774 -015.7 117.26
03.153 2774 -015.5 117.34
03.153 2774 -015.5 117.42
03.153 2774 -015.5 117.50
03.153 2774 -015.5 117.58
03.153 2774 -015.5 117.66
03.153 2774 -015.5 117.75
03.153 2774 -015.5 117.83
03.277 2774 -015.9 117.91
03.277 2774 -015.9 118.00
03.277 2774 -015.9 118.09
03.277 2774 -015.9 118.17
03.277 2774 -015.9 118.25
03.277 2774 -015.9 118.34
03.277 2774 -015.9 118.42
03.106 2774 -015.8 118.50
03.106 2774 -015.8 118.59
03.106 2774 -015.8 118.67
03.106 2774 -015.8 118.75
03.106 2774 -015.8 118.83
03.106 2774 -015.8 118.91
03.106 2774 -015.8 119.00
03.156 2793 -015.9 119.08
03.156 2793 -015.9 119.16
03.156 2793 -015.9 119.24
03.156 2793 -015.9 119.33
03.156 2793 -015.9 119.41
03.156 2793 -015.9 119.49
03.156 2793 -015.9 119.57
03.313 2793 -015.9 119.65
03.313 2774 -016.1 119.74
03.313 2774 -016.1 119.82
03.313 2774 -016.1 119.92
03.313 2774 -016.1 120.00
03.313 2774 -016.1 120.08
03.313 2774 -016.1 120.16
03.313 2774 -016.1 120.25
03.148 2793 -016.0 120.33
03.148 2793 -016.0 120.41
03.148 2793 -016.0 120.49
03.148 2793 -016.0 120.58
03.148 2793 -016.0 120.66
03.148 2793 -016.0 120.74
03.148 2793 -016.0 120.83
02.616 2793 -016.3 120.91
02.616 2793 -016.3 120.99
02.616 2793 -016.3 121.07
02.616 2793 -016.3 121.16
02.616 2793 -016.3 121.24
02.616 2793 -016.3 121.32
02.616 2793 -016.3 121.41
02.556 2793 -016.4 121.51
02.556 2793 -016.4 121.59
02.556 2793 -016.4 121.67
02.556 2793 -016.4 121.75
02.556 2793 -016.4 121.83
02.556 2793 -016.4 121.92
02.556 2793 -016.4 122.01
02.477 2793 -016.5 122.09
02.477 2793 -016.5 122.17
02.477 2793 -016.5 122.25
02.477 2793 -016.5 122.33
02.477 2793 -016.5 122.41
02.477 2793 -016.5 122.49
02.477 2793 -016.5 122.57
02.867 2793 -016.5 122.66
02.867 2793 -016.4 122.74
02.867 2793 -016.4 122.83
02.867 2793 -016.4 122.91
02.867 2793 -016.4 122.99
02.867 2793 -016.4 123.07
02.867 2793 -016.4 123.17
02.867 2793 -016.4 123.25
02.897 2774 -016.8 123.33
02.897 2774 -016.8 123.42
02.897 2774 -016.8 123.50
02.897 2774 -016.8 123.58
02.897 2774 -016.8 123.66
02.897 2774 -016.8 123.75
02.897 2774 -016.8 123.83
02.986 2793 -016.8 123.92
02.986 2793 -016.8 124.00
02.986 2793 -016.8 124.08
02.986 2793 -016.8 124.16
02.986 2793 -016.8 124.24
02.986 2793 -016.8 124.33
02.986 2793 -016.8 124.42
02.963 2774 -016.6 124.50
02.963 2774 -016.6 124.60
02.963 2774 -016.6 124.68
02.963 2774 -016.6 124.77
02.963 2774 -016.6 124.85
02.963 2774 -016.6 124.93
02.963 2774 -016.6 125.01
02.875 2774 -016.6 125.10
02.875 2774 -016.6 125.18
02.875 2774 -016.6 125.26
02.875 2774 -016.6 125.34
02.875 2774 -016.6 125.42
02.875 2774 -016.6 125.50
02.875 2774 -016.6 125.58
02.875 2774 -016.6 125.67
03.031 2793 -016.8 125.77
03.031 2793 -016.8 125.85
03.031 2793 -016.8 125.93
03.031 2793 -016.8 126.02
03.031 2793 -016.8 126.11
03.031 2793 -016.8 126.19
03.083 2793 -016.8 126.27
03.083 2793 -016.8 126.36
03.083 2793 -016.8 126.44
03.083 2793 -016.8 126.52
03.083 2793 -016.8 126.62
03.083 2793 -016.8 126.69
03.083 2793 -016.8 126.78
03.083 2793 -016.8 126.86
02.934 2774 -017.1 126.94
02.934 2774 -017.1 127.02
02.934 2774 -017.1 127.11
02.934 2774 -017.1 127.19
02.934 2774 -017.1 127.28
02.934 2774 -017.1 127.36
02.934 2774 -017.1 127.44
03.06 2793 -016.9 127.53
03.06 2793 -016.9 127.61
03.06 2793 -016.9 127.69
03.06 2793 -016.9 127.77
03.06 2793 -016.9 127.86
03.06 2793 -016.9 127.94
03.06 2793 -016.9 128.02
03.101 2774 -017.3 128.10
03.101 2774 -017.3 128.19
03.101 2774 -017.3 128.28
03.101 2774 -017.3 128.36
03.101 2774 -017.3 128.45
03.101 2774 -017.3 128.53
03.101 2774 -017.3 128.63
02.982 2793 -017.2 128.71
02.982 2793 -017.2 128.79
02.982 2793 -017.2 128.87
02.982 2793 -017.2 128.95
02.982 2793 -017.2 129.04
02.982 2793 -017.2 129.12
02.982 2793 -017.2 129.20
03.059 2793 -017.2 129.28
03.059 2755 -017.3 129.36
03.059 2755 -017.3 129.45
03.059 2755 -017.3 129.53
03.059 2755 -017.3 129.62
03.059 2755 -017.3 129.70
03.059 2755 -017.3 129.78
03.059 2755 -017.3 129.86
03.073 2793 -017.4 129.94
03.073 2793 -017.4 130.03
03.073 2793 -017.4 130.11
03.073 2793 -017.4 130.19
03.073 2793 -017.4 130.27
03.073 2793 -017.4 130.36
03.073 2793 -017.4 130.44
03.203 2774 -017.3 130.52
03.203 2774 -017.3 130.60
03.203 2774 -017.3 130.68
03.203 2774 -017.3 130.77
03.203 2774 -017.3 130.85
03.203 2774 -017.3 130.93
03.203 2774 -017.3 131.01
03.209 2774 -017.3 131.09
03.209 2774 -017.5 131.20
03.209 2774 -017.5 131.28
03.209 2774 -017.5 131.36
03.209 2774 -017.5 131.45
03.209 2774 -017.5 131.54
03.209 2774 -017.5 131.62
03.209 2774 -017.5 131.70
03.148 2774 -017.6 131.78
03.148 2774 -017.6 131.87
03.148 2774 -017.6 131.95
03.148 2774 -017.6 132.04
03.148 2774 -017.6 132.12
03.148 2774 -017.6 132.21
03.148 2774 -017.6 132.29
03.242 2774 -017.5 132.37
03.242 2774 -017.5 132.46
03.242 2774 -017.5 132.55
03.242 2774 -017.5 132.63
03.242 2774 -017.5 132.71
03.242 2774 -017.5 132.79
03.242 2774 -017.5 132.88
03.196 2774 -017.6 132.96
03.196 2774 -017.6 133.04
03.196 2774 -017.6 133.12
03.196 2774 -017.6 133.20
03.196 2774 -017.6 133.28
03.196 2774 -017.6 133.37
03.196 2774 -017.6 133.46
03.172 2793 -017.8 133.54
03.172 2793 -017.8 133.62
03.172 2793 -017.8 133.70
03.172 2793 -017.8 133.79
03.172 2793 -017.8 133.87
03.172 2793 -017.8 133.96
03.172 2793 -017.8 134.04
03.143 2774 -017.9 134.13
03.143 2774 -017.9 134.23
03.143 2774 -017.9 134.31
03.143 2774 -017.9 134.39
03.143 2774 -017.9 134.47
03.143 2774 -017.9 134.56
03.143 2774 -017.9 134.64
03.025 2774 -017.9 134.74
03.025 2774 -017.9 134.82
03.025 2774 -017.9 134.91
03.025 2774 -017.9 134.99
03.025 2774 -017.9 135.08
03.025 2774 -017.9 135.17
03.025 2774 -017.9 135.25
03.094 2774 -018.2 135.33
03.094 2774 -018.2 135.41
03.094 2774 -018.2 135.50
03.094 2774 -018.2 135.58
03.094 2774 -018.2 135.66
03.094 2774 -018.2 135.74
03.094 2774 -018.2 135.83
03.094 2774 -018.2 135.91
03.104 2774 -018.2 135.99
03.104 2774 -018.2 136.08
03.104 2774 -018.2 136.16
03.104 2774 -018.2 136.25
03.104 2774 -018.2 136.33
03.104 2774 -018.2 136.41
03.104 2774 -018.2 136.49
03.282 2774 -018.4 136.57
03.282 2774 -018.4 136.65
03.282 2774 -018.4 136.74
03.282 2774 -018.4 136.82
03.282 2774 -018.4 136.90
03.282 2774 -018.4 136.99
03.282 2774 -018.4 137.07
03.331 2793 -018.4 137.15
03.331 2793 -018.4 137.25
03.331 2793 -018.4 137.34
03.331 2793 -018.4 137.43
03.331 2793 -018.4 137.51
03.331 2793 -018.4 137.59
03.331 2793 -018.4 137.67
03.368 2774 -018.3 137.75
03.368 2774 -018.3 137.84
03.368 2774 -018.3 137.92
03.368 2774 -018.3 138.01
03.368 2774 -018.3 138.09
03.368 2774 -018.3 138.17
03.368 2774 -018.3 138.25
03.214 2755 -018.4 138.34
03.214 2755 -018.4 138.42
03.214 2755 -018.4 138.50
03.214 2755 -018.4 138.59
03.214 2755 -018.4 138.67
03.214 2755 -018.4 138.76
03.214 2755 -018.4 138.84
03.214 2755 -018.4 138.93
03.251 2774 -018.5 139.01
03.251 2774 -018.5 139.09
03.251 2774 -018.5 139.17
03.251 2774 -018.5 139.25
03.251 2774 -018.5 139.34
03.251 2774 -018.5 139.42
03.251 2774 -018.5 139.50
03.326 2793 -019.0 139.59
03.326 2793 -019.0 139.67
03.326 2793 -019.0 139.75
03.326 2793 -019.0 139.83
03.326 2793 -019.0 139.91
03.326 2793 -019.0 139.99
03.326 2793 -019.0 140.07
03.34 2774 -018.7 140.15
03.34 2774 -018.7 140.24
03.34 2774 -018.7 140.32
03.34 2774 -018.7 140.41
03.34 2774 -018.7 140.49
03.34 2774 -018.7 140.57
03.34 2774 -018.7 140.65
03.266 2774 -018.7 140.73
03.266 2774 -018.9 140.82
03.266 2774 -018.9 140.90
03.266 2774 -018.9 140.98
03.266 2774 -018.9 141.08
03.266 2774 -018.9 141.17
03.266 2774 -018.9 141.25
03.266 2774 -018.9 141.33
03.258 2774 -019.0 141.41
03.258 2774 -019.0 141.49
03.258 2774 -019.0 141.58
03.258 2774 -019.0 141.66
03.258 2774 -019.0 141.74
03.258 2774 -019.0 141.83
03.258 2774 -019.0 141.91
03.365 2774 -019.1 141.99
03.365 2774 -019.1 142.07
03.365 2774 -019.1 142.16
03.365 2774 -019.1 142.24
03.365 2774 -019.1 142.32
03.365 2774 -019.1 142.41
03.365 2774 -019.1 142.49
03.412 2774 -019.2 142.57
03.412 2774 -019.2 142.67
03.412 2774 -019.2 142.75
03.412 2774 -019.2 142.83
03.412 2774 -019.2 142.92
03.412 2774 -019.2 143.00
03.412 2774 -019.2 143.08
03.426 2774 -019.3 143.17
03.426 2774 -019.3 143.25
03.426 2774 -019.3 143.33
03.426 2774 -019.3 143.42
03.426 2774 -019.3 143.50
03.426 2774 -019.3 143.59
03.426 2774 -019.3 143.68
03.488 2793 -019.6 143.76
03.488 2793 -019.6 143.85
03.488 2793 -019.6 143.93
03.488 2793 -019.6 144.01
03.488 2793 -019.6 144.09
03.488 2793 -019.6 144.18
03.488 2793 -019.6 144.26
03.488 2793 -019.6 144.35
03.554 2755 -019.5 144.43
03.554 2755 -019.5 144.51
03.554 2755 -019.5 144.59
03.554 2755 -019.5 144.67
03.554 2755 -019.5 144.77
03.554 2755 -019.5 144.85
03.405 2755 -019.5 144.95
03.405 2774 -019.4 145.03
03.405 2774 -019.4 145.11
03.405 2774 -019.4 145.19
03.405 2774 -019.4 145.29
03.405 2774 -019.4 145.37
03.405 2774 -019.4 145.45
03.405 2774 -019.4 145.53
03.362 2774 -019.6 145.61
03.362 2774 -019.6 145.70
03.362 2774 -019.6 145.78
03.362 2774 -019.6 145.86
03.362 2774 -019.6 145.94
03.362 2774 -019.6 146.02
03.362 2774 -019.6 146.10
03.493 2774 -019.6 146.18
03.493 2774 -019.6 146.29
03.493 2774 -019.6 146.38
03.493 2774 -019.6 146.46
03.493 2774 -019.6 146.54
03.493 2774 -019.6 146.62
03.493 2774 -019.6 146.71
03.523 2755 -019.6 146.79
03.523 2755 -019.6 146.87
03.523 2755 -019.6 146.96
03.523 2755 -019.6 147.04
03.523 2755 -019.6 147.12
03.523 2755 -019.6 147.21
03.523 2755 -019.6 147.29
03.588 2774 -019.6 147.37
03.588 2774 -019.6 147.45
03.588 2774 -019.6 147.54
03.588 2774 -019.6 147.64
03.588 2774 -019.6 147.72
03.588 2774 -019.6 147.82
03.588 2774 -019.6 147.90
03.579 2774 -020.0 147.99
03.579 2774 -020.0 148.07
03.579 2774 -020.0 148.15
03.579 2774 -020.0 148.24
03.579 2774 -020.0 148.32
03.579 2774 -020.0 148.40
03.579 2774 -020.0 148.48
03.543 2755 -020.3 148.57
03.543 2755 -020.3 148.66
03.543 2755 -020.3 148.75
03.543 2755 -020.3 148.84
03.543 2755 -020.3 148.92
03.543 2755 -020.3 149.00
03.543 2755 -020.3 149.09
03.677 2793 -020.3 149.17
03.677 2793 -020.3 149.25
03.677 2793 -020.3 149.34
03.677 2793 -020.3 149.42
03.677 2793 -020.3 149.50
03.677 2793 -020.3 149.59
03.677 2793 -020.3 149.67
03.677 2793 -020.3 149.75
03.494 2774 -020.1 149.84
03.494 2774 -020.1 149.92
03.494 2774 -020.1 150.01
03.494 2774 -020.1 150.11
03.494 2774 -020.1 150.19
03.494 2774 -020.1 150.27
03.494 2774 -020.1 150.36
03.629 2774 -020.2 150.44
03.629 2774 -020.2 150.54
03.629 2774 -020.2 150.63
03.629 2774 -020.2 150.71
03.629 2774 -020.2 150.79
03.629 2774 -020.2 150.88
03.629 2774 -020.2 150.96
03.655 2774 -020.4 151.04
03.655 2774 -020.4 151.14
03.655 2774 -020.4 151.23
03.655 2774 -020.4 151.33
03.655 2774 -020.4 151.41
03.655 2774 -020.4 151.51
03.59 2774 -020.4 151.60
03.59 2774 -020.4 151.70
03.59 2774 -020.4 151.79
03.59 2774 -020.4 151.87
03.59 2774 -020.4 151.95
03.59 2774 -020.4 152.03
03.59 2774 -020.4 152.12
03.762 2774 -020.8 152.20
03.762 2774 -020.8 152.29
03.762 2774 -020.8 152.38
03.762 2774 -020.8 152.46
03.762 2774 -020.8 152.54
03.762 2774 -020.8 152.63
03.762 2774 -020.8 152.72
03.614 2774 -020.7 152.80
03.614 2774 -020.7 152.88
03.614 2774 -020.7 152.98
03.614 2774 -020.7 153.06
03.614 2774 -020.7 153.14
03.614 2774 -020.7 153.22
03.614 2774 -020.7 153.31
03.807 2774 -020.7 153.39
03.807 2774 -020.7 153.48
03.807 2774 -020.7 153.56
03.807 2774 -020.7 153.64
03.807 2774 -020.7 153.72
03.807 2774 -020.7 153.80
03.807 2774 -020.7 153.88
03.545 2774 -020.7 153.98
03.545 2774 -020.9 154.07
03.545 2774 -020.9 154.15
03.545 2774 -020.9 154.24
03.545 2774 -020.9 154.32
03.545 2774 -020.9 154.40
03.545 2774 -020.9 154.48
03.545 2774 -020.9 154.57
03.48 2774 -021.1 154.65
03.48 2774 -021.1 154.74
03.48 2774 -021.1 154.82
03.48 2774 -021.1 154.90
03.48 2774 -021.1 154.99
03.48 2774 -021.1 155.07
03.48 2774 -021.1 155.16
03.504 2774 -021.1 155.25
03.504 2774 -021.1 155.34
03.504 2774 -021.1 155.42
03.504 2774 -021.1 155.50
03.504 2774 -021.1 155.58
03.504 2774 -021.1 155.66
03.504 2774 -021.1 155.74
03.65 2774 -021.3 155.83
03.65 2774 -021.3 155.91
03.65 2774 -021.3 155.99
03.65 2774 -021.3 156.07
03.65 2774 -021.3 156.15
03.65 2774 -021.3 156.23
03.65 2774 -021.3 156.32
03.894 2755 -021.1 156.41
03.894 2755 -021.1 156.49
03.894 2755 -021.1 156.57
03.894 2755 -021.1 156.65
03.894 2755 -021.1 156.73
03.894 2755 -021.1 156.83
03.894 2755 -021.1 156.92
03.575 2793 -021.3 157.01
03.575 2793 -021.3 157.09
03.575 2793 -021.3 157.17
03.575 2793 -021.3 157.25
03.575 2793 -021.3 157.33
03.575 2793 -021.3 157.41
03.575 2793 -021.3 157.50
03.575 2793 -021.3 157.58
03.778 2774 -021.5 157.68
03.778 2774 -021.5 157.77
03.778 2774 -021.5 157.85
03.778 2774 -021.5 157.93
03.778 2774 -021.5 158.01
03.778 2774 -021.5 158.09
03.613 2774 -021.5 158.19
03.613 2774 -021.7 158.29
03.613 2774 -021.7 158.38
03.613 2774 -021.7 158.48
03.613 2774 -021.7 158.56
03.613 2774 -021.7 158.66
03.613 2774 -021.7 158.74
03.807 2774 -021.7 158.82
03.807 2774 -021.7 158.90
03.807 2774 -021.7 159.01
03.807 2774 -021.7 159.09
03.807 2774 -021.7 159.17
03.807 2774 -021.7 159.25
03.807 2774 -021.7 159.34
03.681 2755 -021.7 159.42
03.681 2755 -021.7 159.51
03.681 2755 -021.7 159.59
03.681 2755 -021.7 159.67
03.681 2755 -021.7 159.75
03.681 2755 -021.7 159.84
03.681 2755 -021.7 159.92
03.822 2774 -021.7 160.00
03.822 2774 -021.9 160.09
03.822 2774 -021.9 160.16
03.822 2774 -021.9 160.26
03.822 2774 -021.9 160.35
03.822 2774 -021.9 160.44
03.822 2774 -021.9 160.52
03.875 2774 -022.0 160.61
03.875 2774 -022.0 160.69
03.875 2774 -022.0 160.78
03.875 2774 -022.0 160.87
03.875 2774 -022.0 160.95
03.875 2774 -022.0 161.03
03.875 2774 -022.0 161.12
03.653 2793 -022.2 161.21
03.653 2793 -022.2 161.30
03.653 2793 -022.2 161.38
03.653 2793 -022.2 161.47
03.653 2793 -022.2 161.55
03.653 2793 -022.2 161.65
03.653 2793 -022.2 161.74
03.818 2755 -022.2 161.82
03.818 2755 -022.2 161.91
03.818 2755 -022.2 161.99
03.818 2755 -022.2 162.08
03.818 2755 -022.2 162.16
03.818 2755 -022.2 162.25
03.818 2755 -022.2 162.33
03.668 2793 -022.4 162.43
03.668 2793 -022.4 162.52
03.668 2793 -022.4 162.61
03.668 2793 -022.4 162.69
03.668 2793 -022.4 162.78
03.668 2793 -022.4 162.86
03.668 2793 -022.4 162.95
03.857 2774 -022.5 163.03
03.857 2774 -022.5 163.11
03.857 2774 -022.5 163.19
03.857 2774 -022.5 163.29
03.857 2774 -022.5 163.37
03.857 2774 -022.5 163.46
03.857 2774 -022.5 163.54
03.912 2774 -022.5 163.62
03.912 2774 -022.4 163.71
03.912 2774 -022.4 163.79
03.912 2774 -022.4 163.87
03.912 2774 -022.4 163.96
03.912 2774 -022.4 164.04
03.912 2774 -022.4 164.14
03.83 2755 -022.7 164.22
03.83 2755 -022.7 164.30
03.83 2755 -022.7 164.39
03.83 2755 -022.7 164.46
03.83 2755 -022.7 164.54
03.83 2755 -022.7 164.65
03.83 2755 -022.7 164.73
03.869 2774 -022.5 164.82
03.869 2774 -022.5 164.90
03.869 2774 -022.5 164.98
03.869 2774 -022.5 165.08
03.869 2774 -022.5 165.16
03.869 2774 -022.5 165.24
03.869 2774 -022.5 165.32
03.839 2793 -022.5 165.41
03.839 2793 -022.7 165.49
03.839 2793 -022.7 165.58
03.839 2793 -022.7 165.67
03.839 2793 -022.7 165.76
03.839 2793 -022.7 165.85
03.839 2793 -022.7 165.93
03.877 2774 -022.7 166.01
03.877 2774 -022.8 166.10
03.877 2774 -022.8 166.19
03.877 2774 -022.8 166.28
03.877 2774 -022.8 166.36
03.877 2774 -022.8 166.44
03.877 2774 -022.8 166.53
03.88 2774 -022.8 166.61
03.88 2755 -022.8 166.71
03.88 2755 -022.8 166.80
03.88 2755 -022.8 166.88
03.88 2755 -022.8 166.96
03.88 2755 -022.8 167.05
03.88 2755 -022.8 167.14
04.056 2755 -022.8 167.22
04.056 2793 -023.2 167.30
04.056 2793 -023.2 167.38
04.056 2793 -023.2 167.48
04.056 2793 -023.2 167.56
04.056 2793 -023.2 167.64
04.056 2793 -023.2 167.72
04.056 2793 -023.2 167.80
03.817 2755 -023.0 167.90
03.817 2755 -023.0 167.98
03.817 2755 -023.0 168.08
03.817 2755 -023.0 168.16
03.817 2755 -023.0 168.24
03.817 2755 -023.0 168.33
04.142 2755 -023.0 168.41
04.142 2774 -023.4 168.50
04.142 2774 -023.4 168.59
04.142 2774 -023.4 168.67
04.142 2774 -023.4 168.75
04.142 2774 -023.4 168.84
04.142 2774 -023.4 168.92
04.142 2774 -023.4 169.01
04.17 2755 -023.3 169.10
04.17 2755 -023.3 169.19
04.17 2755 -023.3 169.28
04.17 2755 -023.3 169.36
04.17 2755 -023.3 169.44
04.17 2755 -023.3 169.53
04.204 2755 -023.3 169.63
04.204 2755 -023.4 169.72
04.204 2755 -023.4 169.81
04.204 2755 -023.4 169.89
04.204 2755 -023.4 169.97
04.204 2755 -023.4 170.05
04.204 2755 -023.4 170.13
03.911 2755 -023.4 170.22
03.911 2774 -023.7 170.31
03.911 2774 -023.7 170.39
03.911 2774 -023.7 170.49
03.911 2774 -023.7 170.58
03.911 2774 -023.7 170.66
03.911 2774 -023.7 170.74
04.134 2755 -023.7 170.83
04.134 2755 -023.8 170.91
04.134 2755 -023.8 171.00
04.134 2755 -023.8 171.08
04.134 2755 -023.8 171.16
04.134 2755 -023.8 171.25
04.134 2755 -023.8 171.33
03.917 2755 -023.8 171.41
03.917 2774 -023.6 171.50
03.917 2774 -023.6 171.57
03.917 2774 -023.6 171.66
03.917 2774 -023.6 171.76
03.917 2774 -023.6 171.84
03.917 2774 -023.6 171.93
03.917 2774 -023.6 172.01
04.056 2755 -023.9 172.09
04.056 2755 -023.9 172.17
04.056 2755 -023.9 172.25
04.056 2755 -023.9 172.34
04.056 2755 -023.9 172.42
04.056 2755 -023.9 172.50
04.056 2755 -023.9 172.60
04.147 2774 -024.0 172.68
04.147 2774 -024.0 172.76
04.147 2774 -024.0 172.85
04.147 2774 -024.0 172.93
04.147 2774 -024.0 173.02
04.147 2774 -024.0 173.10
04.147 2774 -024.0 173.18
04 2774 -024.1 173.27
04 2774 -024.1 173.35
04 2774 -024.1 173.44
04 2774 -024.1 173.52
04 2774 -024.1 173.60
04 2774 -024.1 173.68
04 2774 -024.1 173.77
04.265 2774 -024.2 173.85
04.265 2774 -024.2 173.94
04.265 2774 -024.2 174.03
04.265 2774 -024.2 174.13
04.265 2774 -024.2 174.22
04.265 2774 -024.2 174.31
04.265 2774 -024.2 174.40
04.021 2774 -024.3 174.48
04.021 2774 -024.3 174.58
04.021 2774 -024.3 174.66
04.021 2774 -024.3 174.74
04.021 2774 -024.3 174.83
04.021 2774 -024.3 174.91
04.021 2774 -024.3 174.99
04.168 2774 -024.4 175.07
04.168 2774 -024.4 175.16
04.168 2774 -024.4 175.24
04.168 2774 -024.4 175.33
04.168 2774 -024.4 175.42
04.168 2774 -024.4 175.50
04.168 2774 -024.4 175.59
03.859 2755 -024.3 175.68
03.859 2755 -024.3 175.76
03.859 2755 -024.3 175.84
03.859 2755 -024.3 175.94
03.859 2755 -024.3 176.03
03.859 2755 -024.3 176.13
03.859 2755 -024.3 176.22
04.095 2774 -024.8 176.31
04.095 2774 -024.8 176.39
04.095 2774 -024.8 176.47
04.095 2774 -024.8 176.57
04.095 2774 -024.8 176.65
04.095 2774 -024.8 176.73
04.095 2774 -024.8 176.81
03.841 2774 -024.5 176.90
03.841 2774 -024.5 177.00
03.841 2774 -024.5 177.10
03.841 2774 -024.5 177.18
03.841 2774 -024.5 177.27
03.841 2774 -024.5 177.35
04.1 2774 -024.5 177.44
04.1 2755 -024.6 177.53
04.1 2755 -024.6 177.61
04.1 2755 -024.6 177.71
04.1 2755 -024.6 177.80
04.1 2755 -024.6 177.89
04.1 2755 -024.6 177.97
03.899 2793 -024.6 178.05
03.899 2793 -024.7 178.14
03.899 2793 -024.7 178.24
03.899 2793 -024.7 178.34
03.899 2793 -024.7 178.43
03.899 2793 -024.7 178.52
03.899 2793 -024.7 178.61
04.055 2755 -025.0 178.69
04.055 2755 -025.0 178.79
04.055 2755 -025.0 178.87
04.055 2755 -025.0 178.95
04.055 2755 -025.0 179.05
04.055 2755 -025.0 179.13
04.055 2755 -025.0 179.21
03.93 2774 -025.2 179.31
03.93 2774 -025.2 179.38
03.93 2774 -025.2 179.48
03.93 2774 -025.2 179.57
03.93 2774 -025.2 179.65
03.93 2774 -025.2 179.73
03.93 2774 -025.2 179.82
04.032 2755 -025.1 179.92
04.032 2755 -025.1 180.01
04.032 2755 -025.1 180.11
04.032 2755 -025.1 180.19
04.032 2755 -025.1 180.27
04.032 2755 -025.1 180.35
04.079 2755 -025.1 180.45
04.079 2793 -025.2 180.54
04.079 2793 -025.2 180.62
04.079 2793 -025.2 180.71
04.079 2793 -025.2 180.80
04.079 2793 -025.2 180.88
04.079 2793 -025.2 180.98
03.92 2755 -025.3 181.07
03.92 2755 -025.3 181.16
03.92 2755 -025.3 181.24
03.92 2755 -025.3 181.32
03.92 2755 -025.3 181.41
03.92 2755 -025.3 181.49
03.92 2755 -025.3 181.57
04.053 2755 -025.3 181.65
04.053 2774 -025.3 181.74
04.053 2774 -025.3 181.82
04.053 2774 -025.3 181.90
04.053 2774 -025.3 181.99
04.053 2774 -025.3 182.08
04.053 2774 -025.3 182.16
04.053 2774 -025.3 182.24
03.969 2774 -025.3 182.33
03.969 2774 -025.3 182.41
03.969 2774 -025.3 182.51
03.969 2774 -025.3 182.59
03.969 2774 -025.3 182.68
03.969 2774 -025.3 182.77
03.969 2774 -025.3 182.86
04.131 2755 -025.3 182.94
04.131 2755 -025.3 183.03
04.131 2755 -025.3 183.11
04.131 2755 -025.3 183.21
04.131 2755 -025.3 183.30
04.131 2755 -025.3 183.39
03.964 2774 -025.5 183.49
03.964 2774 -025.5 183.57
03.964 2774 -025.5 183.65
03.964 2774 -025.5 183.76
03.964 2774 -025.5 183.84
03.964 2774 -025.5 183.92
03.964 2774 -025.5 184.00
04.12 2755 -025.7 184.09
04.12 2755 -025.7 184.17
04.12 2755 -025.7 184.25
04.12 2755 -025.7 184.33
04.12 2755 -025.7 184.41
04.12 2755 -025.7 184.49
04.12 2755 -025.7 184.59
04.058 2755 -025.7 184.68
04.058 2774 -025.8 184.76
04.058 2774 -025.8 184.84
04.058 2774 -025.8 184.93
04.058 2774 -025.8 185.01
04.058 2774 -025.8 185.09
04.058 2774 -025.8 185.18
03.997 2774 -025.8 185.26
03.997 2755 -026.0 185.35
03.997 2755 -026.0 185.43
03.997 2755 -026.0 185.51
03.997 2755 -026.0 185.60
03.997 2755 -026.0 185.69
03.997 2755 -026.0 185.78
03.997 2755 -026.0 185.86
04.165 2774 -026.0 185.95
04.165 2774 -026.0 186.04
04.165 2774 -026.0 186.14
04.165 2774 -026.0 186.23
04.165 2774 -026.0 186.31
04.165 2774 -026.0 186.39
03.917 2774 -026.0 186.47
03.917 2774 -026.1 186.55
03.917 2774 -026.1 186.63
03.917 2774 -026.1 186.72
03.917 2774 -026.1 186.80
03.917 2774 -026.1 186.88
03.917 2774 -026.1 186.96
03.917 2774 -026.1 187.05
04.107 2755 -026.4 187.15
04.107 2755 -026.4 187.23
04.107 2755 -026.4 187.32
04.107 2755 -026.4 187.40
04.107 2755 -026.4 187.48
04.107 2755 -026.4 187.56
04.107 2755 -026.4 187.64
04.018 2774 -026.2 187.73
04.018 2774 -026.2 187.82
04.018 2774 -026.2 187.90
04.018 2774 -026.2 187.98
04.018 2774 -026.2 188.07
04.018 2774 -026.2 188.15
04.018 2774 -026.2 188.23
04.159 2774 -026.2 188.31
04.159 2774 -026.2 188.40
04.159 2774 -026.2 188.49
04.159 2774 -026.2 188.57
04.159 2774 -026.2 188.66
04.159 2774 -026.2 188.74
04.159 2774 -026.2 188.83
04.01 2755 -026.3 188.91
04.01 2755 -026.3 189.01
04.01 2755 -026.3 189.09
04.01 2755 -026.3 189.18
04.01 2755 -026.3 189.26
04.01 2755 -026.3 189.34
04.01 2755 -026.3 189.42
04.159 2774 -026.7 189.50
04.159 2774 -026.7 189.60
04.159 2774 -026.7 189.70
04.159 2774 -026.7 189.78
04.159 2774 -026.7 189.86
04.159 2774 -026.7 189.97
04.159 2774 -026.7 190.05
04.18 2774 -026.5 190.14
04.18 2774 -026.5 190.22
04.18 2774 -026.5 190.30
04.18 2774 -026.5 190.38
04.18 2774 -026.5 190.47
04.18 2774 -026.5 190.55
04.18 2774 -026.5 190.64
03.995 2755 -026.8 190.72
03.995 2755 -026.8 190.82
03.995 2755 -026.8 190.93
03.995 2755 -026.8 191.01
03.995 2755 -026.8 191.09
03.995 2755 -026.8 191.18
04.227 2774 -026.8 191.29
04.227 2774 -026.9 191.37
04.227 2774 -026.9 191.45
04.227 2774 -026.9 191.54
04.227 2774 -026.9 191.62
04.227 2774 -026.9 191.70
04.227 2774 -026.9 191.79
04.227 2774 -026.9 191.87
03.975 2755 -026.9 191.95
03.975 2755 -026.9 192.03
03.975 2755 -026.9 192.12
03.975 2755 -026.9 192.22
03.975 2755 -026.9 192.30
03.975 2755 -026.9 192.40
04.287 2755 -026.9 192.48
04.287 2774 -026.6 192.58
04.287 2774 -026.6 192.67
04.287 2774 -026.6 192.75
04.287 2774 -026.6 192.84
04.287 2774 -026.6 192.93
04.287 2774 -026.6 193.01
03.964 2774 -026.6 193.09
03.964 2793 -027.0 193.18
03.964 2793 -027.0 193.26
03.964 2793 -027.0 193.34
03.964 2793 -027.0 193.42
03.964 2793 -027.0 193.51
03.964 2793 -027.0 193.60
03.964 2793 -027.0 193.68
04.031 2755 -027.4 193.78
04.031 2755 -027.4 193.86
04.031 2755 -027.4 193.95
04.031 2755 -027.4 194.03
04.031 2755 -027.4 194.12
04.031 2755 -027.4 194.20
03.92 2774 -027.4 194.30
03.92 2774 -027.1 194.38
03.92 2774 -027.1 194.46
03.92 2774 -027.1 194.56
03.92 2774 -027.1 194.64
03.92 2774 -027.1 194.74
03.92 2774 -027.1 194.82
04.031 2774 -027.1 194.90
04.031 2755 -027.3 194.99
04.031 2755 -027.3 195.07
04.031 2755 -027.3 195.15
04.031 2755 -027.3 195.24
04.031 2755 -027.3 195.32
04.031 2755 -027.3 195.42
04.094 2755 -027.3 195.50
04.094 2774 -027.5 195.58
04.094 2774 -027.5 195.66
04.094 2774 -027.5 195.75
04.094 2774 -027.5 195.83
04.094 2774 -027.5 195.91
04.094 2774 -027.5 195.99
04.094 2774 -027.5 196.08
03.932 2774 -027.2 196.16
03.932 2774 -027.2 196.24
03.932 2774 -027.2 196.32
03.932 2774 -027.2 196.40
03.932 2774 -027.2 196.51
03.932 2774 -027.2 196.59
03.932 2774 -027.2 196.67
04.33 2774 -027.2 196.75
04.33 2774 -027.2 196.84
04.33 2774 -027.2 196.92
04.33 2774 -027.2 197.00
04.33 2774 -027.2 197.09
04.33 2774 -027.2 197.17
04.33 2774 -027.2 197.26
03.967 2755 -027.5 197.34
03.967 2755 -027.5 197.42
03.967 2755 -027.5 197.51
03.967 2755 -027.5 197.61
03.967 2755 -027.5 197.70
03.967 2755 -027.5 197.78
03.967 2755 -027.5 197.86
04.223 2774 -027.8 197.94
04.223 2774 -027.8 198.02
04.223 2774 -027.8 198.11
04.223 2774 -027.8 198.19
04.223 2774 -027.8 198.30
04.223 2774 -027.8 198.38
04.223 2774 -027.8 198.47
04.06 2755 -027.8 198.57
04.06 2755 -027.8 198.65
04.06 2755 -027.8 198.74
04.06 2755 -027.8 198.82
04.06 2755 -027.8 198.90
04.06 2755 -027.8 198.99
04.06 2755 -027.8 199.07
04.078 2774 -028.0 199.15
04.078 2774 -028.0 199.24
04.078 2774 -028.0 199.32
04.078 2774 -028.0 199.40
04.078 2774 -028.0 199.51
04.078 2774 -028.0 199.59
04.078 2774 -028.0 199.67
04.019 2774 -028.1 199.75
04.019 2774 -028.1 199.84
04.019 2774 -028.1 199.92
04.019 2774 -028.1 200.00
04.019 2774 -028.1 200.08
04.019 2774 -028.1 200.18
04.019 2774 -028.1 200.26
04.022 2755 -028.2 200.34
04.022 2755 -028.2 200.42
04.022 2755 -028.2 200.53
04.022 2755 -028.2 200.60
04.022 2755 -028.2 200.71
04.022 2755 -028.2 200.79
04.022 2755 -028.2 200.88
04.329 2774 -028.3 200.96
04.329 2774 -028.3 201.06
04.329 2774 -028.3 201.15
04.329 2774 -028.3 201.23
04.329 2774 -028.3 201.31
04.329 2774 -028.3 201.39
04.329 2774 -028.3 201.47
03.959 2774 -028.3 201.55
03.959 2774 -028.3 201.63
03.959 2774 -028.3 201.72
03.959 2774 -028.3 201.80
03.959 2774 -028.3 201.89
03.959 2774 -028.3 201.97
03.959 2774 -028.3 202.05
04.241 2774 -028.3 202.13
04.241 2774 -028.4 202.22
04.241 2774 -028.4 202.30
04.241 2774 -028.4 202.40
04.241 2774 -028.4 202.48
04.241 2774 -028.4 202.56
04.241 2774 -028.4 202.64
04.218 2774 -028.4 202.73
04.218 2774 -028.7 202.81
04.218 2774 -028.7 202.89
04.218 2774 -028.7 202.97
04.218 2774 -028.7 203.07
04.218 2774 -028.7 203.15
04.218 2774 -028.7 203.24
04.146 2774 -028.7 203.32
04.146 2755 -028.5 203.40
04.146 2755 -028.5 203.49
04.146 2755 -028.5 203.57
04.146 2755 -028.5 203.66
04.146 2755 -028.5 203.75
04.146 2755 -028.5 203.84
04.146 2755 -028.5 203.92
04.33 2774 -028.7 204.00
04.33 2774 -028.7 204.08
04.33 2774 -028.7 204.17
04.33 2774 -028.7 204.25
04.33 2774 -028.7 204.33
04.33 2774 -028.7 204.41
04.33 2774 -028.7 204.50
04.168 2774 -028.9 204.58
04.168 2774 -028.9 204.67
04.168 2774 -028.9 204.76
04.168 2774 -028.9 204.84
04.168 2774 -028.9 204.92
04.168 2774 -028.9 205.01
04.168 2774 -028.9 205.09
04.447 2755 -028.8 205.17
04.447 2755 -028.8 205.26
04.447 2755 -028.8 205.36
04.447 2755 -028.8 205.46
04.447 2755 -028.8 205.55
04.447 2755 -028.8 205.63
04.447 2755 -028.8 205.72
04.259 2774 -028.9 205.80
04.259 2774 -028.9 205.88
04.259 2774 -028.9 205.97
04.259 2774 -028.9 206.05
04.259 2774 -028.9 206.13
04.259 2774 -028.9 206.21
04.259 2774 -028.9 206.31
04.382 2755 -029.2 206.39
04.382 2755 -029.2 206.47
04.382 2755 -029.2 206.55
04.382 2755 -029.2 206.64
04.382 2755 -029.2 206.72
04.382 2755 -029.2 206.80
04.382 2755 -029.2 206.89
04.376 2755 -029.3 206.97
04.376 2755 -029.3 207.07
04.376 2755 -029.3 207.15
04.376 2755 -029.3 207.23
04.376 2755 -029.3 207.31
04.376 2755 -029.3 207.40
04.376 2755 -029.3 207.50
04.557 2755 -029.4 207.58
04.557 2755 -029.4 207.68
04.557 2755 -029.4 207.76
04.557 2755 -029.4 207.85
04.557 2755 -029.4 207.93
04.557 2755 -029.4 208.01
04.557 2755 -029.4 208.09
04.559 2755 -029.6 208.18
04.559 2755 -029.6 208.26
04.559 2755 -029.6 208.35
04.559 2755 -029.6 208.43
04.559 2755 -029.6 208.51
04.559 2755 -029.6 208.60
04.559 2755 -029.6 208.68
04.657 2755 -029.6 208.77
04.657 2755 -029.6 208.85
04.657 2755 -029.6 208.93
04.657 2755 -029.6 209.02
04.657 2755 -029.6 209.10
04.657 2755 -029.6 209.18
04.657 2755 -029.6 209.27
04.5 2755 -029.6 209.35
04.5 2755 -029.6 209.44
04.5 2755 -029.6 209.52
04.5 2755 -029.6 209.60
04.5 2755 -029.6 209.68
04.5 2755 -029.6 209.77
04.5 2755 -029.6 209.85
04.5 2755 -029.6 209.93
04.871 2755 -029.8 210.03
04.871 2755 -029.8 210.12
04.871 2755 -029.8 210.20
04.871 2755 -029.8 210.30
04.871 2755 -029.8 210.38
04.871 2755 -029.8 210.46
04.672 2755 -029.8 210.55
04.672 2755 -029.7 210.63
04.672 2755 -029.7 210.71
04.672 2755 -029.7 210.79
04.672 2755 -029.7 210.88
04.672 2755 -029.7 210.96
04.672 2755 -029.7 211.05
04.672 2755 -029.7 211.15
04.891 2755 -029.7 211.23
04.891 2755 -029.7 211.32
04.891 2755 -029.7 211.42
04.891 2755 -029.7 211.50
04.891 2755 -029.7 211.58
04.891 2755 -029.7 211.67
04.939 2755 -029.7 211.76
04.939 2755 -029.8 211.84
04.939 2755 -029.8 211.93
04.939 2755 -029.8 212.01
04.939 2755 -029.8 212.09
04.939 2755 -029.8 212.17
04.939 2755 -029.8 212.27
04.939 2755 -029.8 212.36
04.755 2717 -029.8 212.44
04.755 2717 -029.8 212.52
04.755 2717 -029.8 212.60
04.755 2717 -029.8 212.70
04.755 2717 -029.8 212.80
04.755 2717 -029.8 212.88
04.982 2755 -029.8 212.97
04.982 2755 -030.0 213.05
04.982 2755 -030.0 213.13
04.982 2755 -030.0 213.23
04.982 2755 -030.0 213.31
04.982 2755 -030.0 213.40
04.982 2755 -030.0 213.49
04.789 2736 -030.2 213.57
04.789 2736 -030.2 213.65
04.789 2736 -030.2 213.74
04.789 2736 -030.2 213.82
04.789 2736 -030.2 213.91
04.789 2736 -030.2 213.99
04.789 2736 -030.2 214.07
05.098 2736 -030.2 214.16
05.098 2755 -030.1 214.24
05.098 2755 -030.1 214.32
05.098 2755 -030.1 214.41
05.098 2755 -030.1 214.49
05.098 2755 -030.1 214.57
05.098 2755 -030.1 214.65
05.098 2755 -030.1 214.74
04.991 2736 -030.2 214.82
04.991 2736 -030.2 214.90
04.991 2736 -030.2 214.99
04.991 2736 -030.2 215.07
04.991 2736 -030.2 215.16
04.991 2736 -030.2 215.25
04.991 2736 -030.2 215.34
05.21 2736 -030.6 215.43
05.21 2736 -030.6 215.52
05.21 2736 -030.6 215.60
05.21 2736 -030.6 215.68
05.21 2736 -030.6 215.77
05.21 2736 -030.6 215.85
05.21 2736 -030.6 215.94
05.189 2755 -030.4 216.02
05.189 2755 -030.4 216.11
05.189 2755 -030.4 216.19
05.189 2755 -030.4 216.28
05.189 2755 -030.4 216.37
05.189 2755 -030.4 216.45
05.189 2755 -030.4 216.53
05.053 2736 -030.7 216.61
05.053 2736 -030.7 216.70
05.053 2736 -030.7 216.77
05.053 2736 -030.7 216.86
05.053 2736 -030.7 216.95
05.053 2736 -030.7 217.03
05.053 2736 -030.7 217.11
05.241 2736 -030.8 217.19
05.241 2736 -030.8 217.28
05.241 2736 -030.8 217.37
05.241 2736 -030.8 217.45
05.241 2736 -030.8 217.54
05.241 2736 -030.8 217.62
05.241 2736 -030.8 217.71
05.092 2736 -030.7 217.81
05.092 2736 -030.7 217.90
05.092 2736 -030.7 217.99
05.092 2736 -030.7 218.07
05.092 2736 -030.7 218.15
05.092 2736 -030.7 218.24
05.092 2736 -030.7 218.33
05.471 2736 -030.9 218.42
05.471 2736 -030.9 218.50
05.471 2736 -030.9 218.58
05.471 2736 -030.9 218.66
05.471 2736 -030.9 218.74
05.471 2736 -030.9 218.83
05.471 2736 -030.9 218.91
05.294 2755 -030.9 218.99
05.294 2755 -031.1 219.10
05.294 2755 -031.1 219.18
05.294 2755 -031.1 219.26
05.294 2755 -031.1 219.35
05.294 2755 -031.1 219.43
05.294 2755 -031.1 219.51
05.124 2736 -031.0 219.59
05.124 2736 -031.0 219.68
05.124 2736 -031.0 219.76
05.124 2736 -031.0 219.85
05.124 2736 -031.0 219.93
05.124 2736 -031.0 220.01
05.124 2736 -031.0 220.09
05.124 2736 -031.0 220.18
05.463 2736 -031.3 220.26
05.463 2736 -031.3 220.35
05.463 2736 -031.3 220.43
05.463 2736 -031.3 220.51
05.463 2736 -031.3 220.59
05.463 2736 -031.3 220.68
05.463 2736 -031.3 220.76
05.027 2774 -031.2 220.84
05.027 2774 -031.2 220.92
05.027 2774 -031.2 221.01
05.027 2774 -031.2 221.09
05.027 2774 -031.2 221.18
05.027 2774 -031.2 221.27
05.027 2774 -031.2 221.35
05.406 2736 -031.4 221.44
05.406 2736 -031.4 221.52
05.406 2736 -031.4 221.62
05.406 2736 -031.4 221.70
05.406 2736 -031.4 221.80
05.406 2736 -031.4 221.88
05.406 2736 -031.4 221.96
05.237 2736 -031.6 222.05
05.237 2736 -031.6 222.13
05.237 2736 -031.6 222.21
05.237 2736 -031.6 222.30
05.237 2736 -031.6 222.38
05.237 2736 -031.6 222.47
05.237 2736 -031.6 222.55
05.398 2736 -031.6 222.63
05.398 2736 -031.6 222.73
05.398 2736 -031.6 222.82
05.398 2736 -031.6 222.92
05.398 2736 -031.6 223.00
05.398 2736 -031.6 223.08
05.398 2736 -031.6 223.17
05.438 2736 -031.8 223.25
05.438 2736 -031.8 223.33
05.438 2736 -031.8 223.41
05.438 2736 -031.8 223.49
05.438 2736 -031.8 223.60
05.438 2736 -031.8 223.68
05.438 2736 -031.8 223.76
05.215 2755 -031.9 223.85
05.215 2755 -031.9 223.93
05.215 2755 -031.9 224.01
05.215 2755 -031.9 224.10
05.215 2755 -031.9 224.19
05.215 2755 -031.9 224.27
05.215 2755 -031.9 224.35
05.539 2736 -031.9 224.43
05.539 2736 -031.9 224.52
05.539 2736 -031.9 224.60
05.539 2736 -031.9 224.68
05.539 2736 -031.9 224.78
05.539 2736 -031.9 224.86
05.539 2736 -031.9 224.94
05.259 2755 -032.1 225.02
05.259 2755 -032.1 225.11
05.259 2755 -032.1 225.19
05.259 2755 -032.1 225.27
05.259 2755 -032.1 225.35
05.259 2755 -032.1 225.46
05.259 2755 -032.1 225.54
05.681 2736 -032.0 225.64
05.681 2736 -032.0 225.72
05.681 2736 -032.0 225.82
05.681 2736 -032.0 225.90
05.681 2736 -032.0 225.99
05.681 2736 -032.0 226.09
05.681 2736 -032.0 226.17
05.505 2736 -032.0 226.25
05.505 2736 -032.0 226.33
05.505 2736 -032.0 226.41
05.505 2736 -032.0 226.49
05.505 2736 -032.0 226.57
05.505 2736 -032.0 226.66
05.505 2736 -032.0 226.75
05.365 2736 -031.9 226.83
05.365 2736 -031.9 226.92
05.365 2736 -031.9 227.01
05.365 2736 -031.9 227.09
05.365 2736 -031.9 227.18
05.365 2736 -031.9 227.26
05.365 2736 -031.9 227.34
05.735 2736 -031.9 227.43
05.735 2736 -031.9 227.51
05.735 2736 -031.9 227.59
05.735 2736 -031.9 227.67
05.735 2736 -031.9 227.76
05.735 2736 -031.9 227.84
05.735 2736 -031.9 227.94
05.461 2736 -032.2 228.03
05.461 2736 -032.2 228.11
05.461 2736 -032.2 228.19
05.461 2736 -032.2 228.29
05.461 2736 -032.2 228.37
05.461 2736 -032.2 228.46
05.461 2736 -032.2 228.56
05.51 2736 -032.5 228.64
05.51 2736 -032.5 228.72
05.51 2736 -032.5 228.81
05.51 2736 -032.5 228.89
05.51 2736 -032.5 228.97
05.51 2736 -032.5 229.05
05.51 2736 -032.5 229.13
05.458 2755 -032.6 229.24
05.458 2755 -032.6 229.32
05.458 2755 -032.6 229.40
05.458 2755 -032.6 229.48
05.458 2755 -032.6 229.57
05.458 2755 -032.6 229.65
05.458 2755 -032.6 229.73
05.221 2736 -032.6 229.83
05.221 2736 -032.6 229.93
05.221 2736 -032.6 230.01
05.221 2736 -032.6 230.11
05.221 2736 -032.6 230.19
05.221 2736 -032.6 230.27
05.221 2736 -032.6 230.35
05.511 2736 -032.9 230.45
05.511 2736 -032.9 230.54
05.511 2736 -032.9 230.62
05.511 2736 -032.9 230.71
05.511 2736 -032.9 230.81
05.511 2736 -032.9 230.89
05.511 2736 -032.9 230.97
05.422 2755 -033.0 231.06
05.422 2755 -033.0 231.14
05.422 2755 -033.0 231.22
05.422 2755 -033.0 231.30
05.422 2755 -033.0 231.39
05.422 2755 -033.0 231.49
05.422 2755 -033.0 231.57
05.675 2736 -033.2 231.65
05.675 2736 -033.2 231.74
05.675 2736 -033.2 231.84
05.675 2736 -033.2 231.92
05.675 2736 -033.2 232.00
05.675 2736 -033.2 232.10
05.675 2736 -033.2 232.19
05.518 2717 -033.0 232.28
05.518 2717 -033.0 232.36
05.518 2717 -033.0 232.45
05.518 2717 -033.0 232.54
05.518 2717 -033.0 232.63
05.518 2717 -033.0 232.71
05.518 2717 -033.0 232.79
05.39 2736 -033.2 232.88
05.39 2736 -033.2 232.96
05.39 2736 -033.2 233.05
05.39 2736 -033.2 233.13
05.39 2736 -033.2 233.21
05.39 2736 -033.2 233.30
05.39 2736 -033.2 233.39
05.9 2736 -033.3 233.48
05.9 2736 -033.3 233.56
05.9 2736 -033.3 233.64
05.9 2736 -033.3 233.73
05.9 2736 -033.3 233.81
05.9 2736 -033.3 233.89
05.9 2736 -033.3 233.98
05.49 2755 -033.4 234.07
05.49 2755 -033.4 234.15
05.49 2755 -033.4 234.24
05.49 2755 -033.4 234.34
05.49 2755 -033.4 234.42
05.49 2755 -033.4 234.50
05.49 2755 -033.4 234.58
05.732 2717 -033.5 234.66
05.732 2717 -033.5 234.75
05.732 2717 -033.5 234.84
05.732 2717 -033.5 234.92
05.732 2717 -033.5 235.00
05.732 2717 -033.5 235.09
05.732 2717 -033.5 235.18
05.816 2736 -033.7 235.28
05.816 2736 -033.7 235.36
05.816 2736 -033.7 235.45
05.816 2736 -033.7 235.54
05.816 2736 -033.7 235.64
05.816 2736 -033.7 235.72
05.816 2736 -033.7 235.81
05.484 2736 -033.5 235.90
05.484 2736 -033.5 235.98
05.484 2736 -033.5 236.06
05.484 2736 -033.5 236.15
05.484 2736 -033.5 236.23
05.484 2736 -033.5 236.31
05.484 2736 -033.5 236.39
05.699 2755 -033.6 236.47
05.699 2755 -033.6 236.56
05.699 2755 -033.6 236.64
05.699 2755 -033.6 236.73
05.699 2755 -033.6 236.83
05.699 2755 -033.6 236.93
05.699 2755 -033.6 237.01
05.513 2736 -033.9 237.09
05.513 2736 -033.9 237.17
05.513 2736 -033.9 237.25
05.513 2736 -033.9 237.33
05.513 2736 -033.9 237.41
05.513 2736 -033.9 237.50
05.513 2736 -033.9 237.58
05.527 2736 -034.1 237.66
05.527 2736 -034.1 237.74
05.527 2736 -034.1 237.82
05.527 2736 -034.1 237.91
05.527 2736 -034.1 237.99
05.527 2736 -034.1 238.09
05.527 2736 -034.1 238.18
05.968 2736 -034.3 238.26
05.968 2736 -034.3 238.35
05.968 2736 -034.3 238.43
05.968 2736 -034.3 238.51
05.968 2736 -034.3 238.59
05.968 2736 -034.3 238.69
05.968 2736 -034.3 238.77
05.506 2736 -034.3 238.85
05.506 2717 -034.4 238.93
05.506 2717 -034.4 239.03
05.506 2717 -034.4 239.11
05.506 2717 -034.4 239.19
05.506 2717 -034.4 239.27
05.506 2717 -034.4 239.36
05.838 2717 -034.4 239.45
05.838 2736 -034.4 239.53
05.838 2736 -034.4 239.62
05.838 2736 -034.4 239.72
05.838 2736 -034.4 239.81
05.838 2736 -034.4 239.89
05.838 2736 -034.4 239.98
05.678 2736 -034.5 240.06
05.678 2736 -034.5 240.14
05.678 2736 -034.5 240.23
05.678 2736 -034.5 240.32
05.678 2736 -034.5 240.40
05.678 2736 -034.5 240.48
05.678 2736 -034.5 240.57
05.458 2736 -034.5 240.66
05.458 2736 -034.8 240.76
05.458 2736 -034.8 240.84
05.458 2736 -034.8 240.93
05.458 2736 -034.8 241.01
05.458 2736 -034.8 241.10
05.458 2736 -034.8 241.18
06.127 2717 -034.8 241.26
06.127 2717 -034.5 241.35
06.127 2717 -034.5 241.43
06.127 2717 -034.5 241.52
06.127 2717 -034.5 241.61
06.127 2717 -034.5 241.70
06.127 2717 -034.5 241.79
06.049 2736 -034.7 241.87
06.049 2736 -034.7 241.96
06.049 2736 -034.7 242.05
06.049 2736 -034.7 242.13
06.049 2736 -034.7 242.21
06.049 2736 -034.7 242.29
06.049 2736 -034.7 242.37
05.676 2736 -034.7 242.46
05.676 2717 -034.7 242.54
05.676 2717 -034.7 242.63
05.676 2717 -034.7 242.71
05.676 2717 -034.7 242.80
05.676 2717 -034.7 242.88
05.676 2717 -034.7 242.98
05.911 2736 -035.0 243.07
05.911 2736 -035.0 243.17
05.911 2736 -035.0 243.26
05.911 2736 -035.0 243.34
05.911 2736 -035.0 243.42
05.911 2736 -035.0 243.52
05.911 2736 -035.0 243.60
05.732 2717 -035.1 243.70
05.732 2717 -035.1 243.79
05.732 2717 -035.1 243.89
05.732 2717 -035.1 243.97
05.732 2717 -035.1 244.05
05.732 2717 -035.1 244.15
05.732 2717 -035.1 244.23
05.894 2755 -035.4 244.32
05.894 2755 -035.4 244.39
05.894 2755 -035.4 244.48
05.894 2755 -035.4 244.56
05.894 2755 -035.4 244.66
05.894 2755 -035.4 244.74
05.894 2755 -035.4 244.82
05.884 2755 -035.4 244.90
05.884 2755 -035.4 244.98
05.884 2755 -035.4 245.06
05.884 2755 -035.4 245.15
05.884 2755 -035.4 245.23
05.884 2755 -035.4 245.32
05.884 2755 -035.4 245.40
05.936 2736 -035.4 245.48
05.936 2736 -035.3 245.58
05.936 2736 -035.3 245.66
05.936 2736 -035.3 245.75
05.936 2736 -035.3 245.83
05.936 2736 -035.3 245.91
05.936 2736 -035.3 245.99
06.316 2717 -035.3 246.08
06.316 2717 -035.6 246.17
06.316 2717 -035.6 246.25
06.316 2717 -035.6 246.34
06.316 2717 -035.6 246.41
06.316 2717 -035.6 246.49
06.316 2717 -035.6 246.58
06.329 2717 -035.6 246.66
06.329 2717 -035.4 246.74
06.329 2717 -035.4 246.83
06.329 2717 -035.4 246.91
06.329 2717 -035.4 247.00
06.329 2717 -035.4 247.08
06.329 2717 -035.4 247.18
06.376 2717 -035.4 247.28
06.376 2717 -035.7 247.36
06.376 2717 -035.7 247.43
06.376 2717 -035.7 247.52
06.376 2717 -035.7 247.61
06.376 2717 -035.7 247.69
06.376 2717 -035.7 247.78
06.376 2717 -035.7 247.86
06.418 2717 -035.9 247.94
06.418 2717 -035.9 248.03
06.418 2717 -035.9 248.12
06.418 2717 -035.9 248.20
06.418 2717 -035.9 248.30
06.418 2717 -035.9 248.39
06.692 2717 -035.9 248.47
06.692 2717 -036.1 248.56
06.692 2717 -036.1 248.64
06.692 2717 -036.1 248.72
06.692 2717 -036.1 248.83
06.692 2717 -036.1 248.93
06.692 2717 -036.1 249.01
06.725 2717 -036.0 249.09
06.725 2717 -036.0 249.17
06.725 2717 -036.0 249.25
06.725 2717 -036.0 249.33
06.725 2717 -036.0 249.42
06.725 2717 -036.0 249.50
06.725 2717 -036.0 249.58
06.725 2717 -036.0 249.66
06.67 2698 -036.3 249.74
06.67 2698 -036.3 249.83
06.67 2698 -036.3 249.91
06.67 2698 -036.3 250.00
06.67 2698 -036.3 250.08
06.67 2698 -036.3 250.16
06.67 2698 -036.3 250.25
06.201 2698 -036.4 250.34
06.201 2698 -036.4 250.42
06.201 2698 -036.4 250.50
06.201 2698 -036.4 250.60
06.201 2698 -036.4 250.68
06.201 2698 -036.4 250.76
06.201 2698 -036.4 250.84
06.708 2717 -036.6 250.94
06.708 2717 -036.6 251.02
06.708 2717 -036.6 251.10
06.708 2717 -036.6 251.18
06.708 2717 -036.6 251.26
06.708 2717 -036.6 251.34
06.708 2717 -036.6 251.42
06.798 2698 -036.6 251.51
06.798 2698 -036.6 251.58
06.798 2698 -036.6 251.66
06.798 2698 -036.6 251.75
06.798 2698 -036.6 251.84
06.798 2698 -036.6 251.95
06.798 2698 -036.6 252.03
06.386 2717 -036.8 252.13
06.386 2717 -036.8 252.22
06.386 2717 -036.8 252.32
06.386 2717 -036.8 252.40
06.386 2717 -036.8 252.48
06.386 2717 -036.8 252.56
06.386 2717 -036.8 252.64
06.389 2717 -037.0 252.72
06.389 2717 -037.0 252.81
06.389 2717 -037.0 252.89
06.389 2717 -037.0 252.98
06.389 2717 -037.0 253.09
06.389 2717 -037.0 253.17
06.389 2717 -037.0 253.26
06.644 2698 -037.0 253.34
06.644 2698 -037.0 253.42
06.644 2698 -037.0 253.51
06.644 2698 -037.0 253.61
06.644 2698 -037.0 253.69
06.644 2698 -037.0 253.77
06.644 2698 -037.0 253.85
07.024 2698 -037.1 253.95
07.024 2698 -037.1 254.05
07.024 2698 -037.1 254.14
07.024 2698 -037.1 254.22
07.024 2698 -037.1 254.31
07.024 2698 -037.1 254.39
07.024 2698 -037.1 254.49
06.673 2717 -037.2 254.59
06.673 2717 -037.2 254.67
06.673 2717 -037.2 254.76
06.673 2717 -037.2 254.84
06.673 2717 -037.2 254.93
06.673 2717 -037.2 255.01
06.702 2717 -037.2 255.09
06.702 2736 -037.1 255.18
06.702 2736 -037.1 255.26
06.702 2736 -037.1 255.34
06.702 2736 -037.1 255.42
06.702 2736 -037.1 255.50
06.702 2736 -037.1 255.59
06.702 2736 -037.1 255.67
06.81 2698 -037.5 255.75
06.81 2698 -037.5 255.84
06.81 2698 -037.5 255.92
06.81 2698 -037.5 256.00
06.81 2698 -037.5 256.10
06.81 2698 -037.5 256.18
06.81 2698 -037.5 256.26
06.956 2736 -037.5 256.34
06.956 2736 -037.5 256.42
06.956 2736 -037.5 256.52
06.956 2736 -037.5 256.60
06.956 2736 -037.5 256.68
06.956 2736 -037.5 256.76
06.956 2736 -037.5 256.85
07.198 2698 -037.5 256.93
07.198 2698 -037.5 257.01
07.198 2698 -037.5 257.10
07.198 2698 -037.5 257.18
07.198 2698 -037.5 257.27
07.198 2698 -037.5 257.36
07.198 2698 -037.5 257.44
06.909 2679 -037.5 257.52
06.909 2679 -037.8 257.60
06.909 2679 -037.8 257.68
06.909 2679 -037.8 257.77
06.909 2679 -037.8 257.85
06.909 2679 -037.8 257.95
06.909 2679 -037.8 258.05
06.982 2717 -037.7 258.13
06.982 2717 -037.7 258.21
06.982 2717 -037.7 258.30
06.982 2717 -037.7 258.38
06.982 2717 -037.7 258.46
06.982 2717 -037.7 258.55
06.982 2717 -037.7 258.65
06.791 2717 -037.7 258.73
06.791 2717 -038.0 258.81
06.791 2717 -038.0 258.89
06.791 2717 -038.0 259.00
06.791 2717 -038.0 259.08
06.791 2717 -038.0 259.18
06.791 2717 -038.0 259.26
06.874 2755 -038.3 259.34
06.874 2755 -038.3 259.42
06.874 2755 -038.3 259.50
06.874 2755 -038.3 259.59
06.874 2755 -038.3 259.68
06.874 2755 -038.3 259.76
06.874 2755 -038.3 259.85
07.196 2755 -038.3 259.93
07.196 2717 -038.3 260.01
07.196 2717 -038.3 260.09
07.196 2717 -038.3 260.17
07.196 2717 -038.3 260.25
07.196 2717 -038.3 260.34
07.196 2717 -038.3 260.42
07.196 2717 -038.3 260.50
07.228 2698 -038.5 260.58
07.228 2698 -038.5 260.66
07.228 2698 -038.5 260.76
07.228 2698 -038.5 260.84
07.228 2698 -038.5 260.95
07.228 2698 -038.5 261.03
07.228 2698 -038.5 261.11
06.937 2698 -038.8 261.21
06.937 2698 -038.8 261.30
06.937 2698 -038.8 261.38
06.937 2698 -038.8 261.47
06.937 2698 -038.8 261.56
06.937 2698 -038.8 261.65
06.84 2717 -038.8 261.74
06.84 2717 -038.8 261.82
06.84 2717 -038.8 261.90
06.84 2717 -038.8 261.98
06.84 2717 -038.8 262.09
06.84 2717 -038.8 262.17
06.84 2717 -038.8 262.25
07.113 2698 -039.1 262.33
07.113 2698 -039.1 262.43
07.113 2698 -039.1 262.51
07.113 2698 -039.1 262.60
07.113 2698 -039.1 262.68
07.113 2698 -039.1 262.76
07.113 2698 -039.1 262.85
07.431 2717 -039.1 262.93
07.431 2717 -039.0 263.02
07.431 2717 -039.0 263.10
07.431 2717 -039.0 263.18
07.431 2717 -039.0 263.28
07.431 2717 -039.0 263.36
07.431 2717 -039.0 263.45
07.071 2698 -039.0 263.53
07.071 2698 -039.2 263.61
07.071 2698 -039.2 263.69
07.071 2698 -039.2 263.80
07.071 2698 -039.2 263.88
07.071 2698 -039.2 263.96
07.071 2698 -039.2 264.05
07.032 2698 -039.2 264.13
07.032 2698 -039.2 264.21
07.032 2698 -039.2 264.29
07.032 2698 -039.2 264.38
07.032 2698 -039.2 264.47
07.032 2698 -039.2 264.55
07.032 2698 -039.2 264.63
07.032 2698 -039.2 264.71
06.875 2698 -039.4 264.80
06.875 2698 -039.4 264.89
06.875 2698 -039.4 264.98
06.875 2698 -039.4 265.07
06.875 2698 -039.4 265.15
06.875 2698 -039.4 265.23
06.875 2698 -039.4 265.31
06.827 2698 -039.4 265.39
06.827 2698 -039.4 265.48
06.827 2698 -039.4 265.56
06.827 2698 -039.4 265.66
06.827 2698 -039.4 265.75
06.827 2698 -039.4 265.83
06.827 2698 -039.4 265.92
07.162 2698 -039.7 266.00
07.162 2698 -039.7 266.08
07.162 2698 -039.7 266.16
07.162 2698 -039.7 266.26
07.162 2698 -039.7 266.34
07.162 2698 -039.7 266.42
07.162 2698 -039.7 266.51
06.289 2717 -039.8 266.59
06.289 2717 -039.8 266.67
06.289 2717 -039.8 266.76
06.289 2717 -039.8 266.84
06.289 2717 -039.8 266.92
06.289 2717 -039.8 267.01
06.289 2717 -039.8 267.09
04.413 2774 -039.8 267.17
04.413 2774 -039.8 267.26
04.413 2774 -039.8 267.34
04.413 2774 -039.8 267.43
04.413 2774 -039.8 267.53
04.413 2774 -039.8 267.61
04.413 2774 -039.8 267.69
04.16 2812 -039.9 267.78
04.16 2812 -039.9 267.86
04.16 2812 -039.9 267.94
04.16 2812 -039.9 268.04
04.16 2812 -039.9 268.12
04.16 2812 -039.9 268.21
04.16 2812 -039.9 268.28
03.963 2793 -040.2 268.39
03.963 2793 -040.2 268.47
03.963 2793 -040.2 268.56
03.963 2793 -040.2 268.64
03.963 2793 -040.2 268.72
03.963 2793 -040.2 268.82
03.963 2793 -040.2 268.90
03.977 2793 -040.4 268.98
03.977 2793 -040.4 269.06
03.977 2793 -040.4 269.15
03.977 2793 -040.4 269.24
03.977 2793 -040.4 269.32
03.977 2793 -040.4 269.42
03.977 2793 -040.4 269.50
03.893 2793 -040.2 269.58
03.893 2793 -040.2 269.67
03.893 2793 -040.2 269.75
03.893 2793 -040.2 269.84
03.893 2793 -040.2 269.93
03.893 2793 -040.2 270.02
03.893 2793 -040.2 270.10
03.848 2793 -040.6 270.18
03.848 2793 -040.6 270.26
03.848 2793 -040.6 270.35
03.848 2793 -040.6 270.46
03.848 2793 -040.6 270.54
03.848 2793 -040.6 270.63
03.848 2793 -040.6 270.71
03.642 2812 -040.6 270.80
03.642 2812 -040.6 270.88
03.642 2812 -040.6 270.96
03.642 2812 -040.6 271.05
03.642 2812 -040.6 271.12
03.642 2812 -040.6 271.20
03.642 2812 -040.6 271.29
03.619 2812 -040.3 271.37
03.619 2812 -040.3 271.45
03.619 2812 -040.3 271.55
03.619 2812 -040.3 271.64
03.619 2812 -040.3 271.73
03.619 2812 -040.3 271.82
03.619 2812 -040.3 271.91
03.541 2793 -040.7 271.99
03.541 2793 -040.7 272.07
03.541 2793 -040.7 272.15
03.541 2793 -040.7 272.23
03.541 2793 -040.7 272.32
03.541 2793 -040.7 272.41
03.541 2793 -040.7 272.49
03.052 2793 -040.8 272.58
03.052 2793 -040.8 272.67
03.052 2793 -040.8 272.75
03.052 2793 -040.8 272.84
03.052 2793 -040.8 272.93
03.052 2793 -040.8 273.02
03.052 2793 -040.8 273.10
03.285 2793 -041.0 273.18
03.285 2793 -041.0 273.27
03.285 2793 -041.0 273.35
03.285 2793 -041.0 273.43
03.285 2793 -041.0 273.51
03.285 2793 -041.0 273.59
03.285 2793 -041.0 273.69

