03.903 2033 -108.4 000.03
03.903 2033 -108.4 000.12
03.903 2033 -108.4 000.21
03.903 2033 -108.4 000.29
03.903 2033 -108.4 000.37
03.7 2014 -108.5 000.46
03.7 2014 -108.5 000.54
03.7 2014 -108.5 000.63
03.7 2014 -108.5 000.71
03.7 2014 -108.5 000.80
03.7 2014 -108.5 000.88
03.7 2014 -108.5 000.97
03.815 2014 -108.7 001.06
03.815 2014 -108.7 001.16
03.815 2014 -108.7 001.25
03.815 2014 -108.7 001.33
03.815 2014 -108.7 001.42
03.815 2014 -108.7 001.51
03.815 2014 -108.7 001.60
03.987 2014 -108.7 001.68
03.987 2014 -108.7 001.76
03.987 2014 -108.7 001.85
03.987 2014 -108.7 001.95
03.987 2014 -108.7 002.03
03.987 2014 -108.7 002.11
03.987 2014 -108.7 002.19
04.066 2033 -108.6 002.28
04.066 2033 -108.6 002.38
04.066 2033 -108.6 002.47
04.066 2033 -108.6 002.56
04.066 2033 -108.6 002.64
04.066 2033 -108.6 002.72
04.066 2033 -108.6 002.80
05.147 1976 -108.7 002.89
05.147 1976 -108.7 003.00
05.147 1976 -108.7 003.08
05.147 1976 -108.7 003.16
05.147 1976 -108.7 003.25
05.147 1976 -108.7 003.33
05.147 1976 -108.7 003.41
04.078 2033 -108.8 003.49
04.078 2033 -108.8 003.59
04.078 2033 -108.8 003.68
04.078 2033 -108.8 003.78
04.078 2033 -108.8 003.86
04.078 2033 -108.8 003.94
04.227 2014 -109.0 004.03
04.227 2014 -109.0 004.12
04.227 2014 -109.0 004.23
04.227 2014 -109.0 004.31
04.227 2014 -109.0 004.41
04.227 2014 -109.0 004.49
04.227 2014 -109.0 004.57
04.669 1976 -109.3 004.68
04.669 1976 -109.3 004.76
04.669 1976 -109.3 004.84
04.669 1976 -109.3 004.93
04.669 1976 -109.3 005.02
04.669 1976 -109.3 005.11
04.669 1976 -109.3 005.20
03.841 1976 -109.3 005.29
03.841 1976 -109.3 005.39
03.841 1976 -109.3 005.47
03.841 1976 -109.3 005.55
03.841 1976 -109.3 005.63
03.841 1976 -109.3 005.71
03.841 1976 -109.3 005.79
03.459 2033 -109.2 005.88
03.459 2033 -109.2 005.96
03.459 2033 -109.2 006.04
03.459 2033 -109.2 006.12
03.459 2033 -109.2 006.21
03.459 2033 -109.2 006.29
03.459 2033 -109.2 006.37
03.324 2033 -109.3 006.45
03.324 2033 -109.3 006.54
03.324 2033 -109.3 006.62
03.324 2033 -109.3 006.72
03.324 2033 -109.3 006.81
03.324 2033 -109.3 006.89
03.324 2033 -109.3 006.99
02.945 2033 -109.6 007.08
02.945 2033 -109.6 007.18
02.945 2033 -109.6 007.26
02.945 2033 -109.6 007.34
02.945 2033 -109.6 007.42
02.945 2033 -109.6 007.53
02.945 2033 -109.6 007.61
03.025 2052 -109.3 007.71
03.025 2052 -109.3 007.80
03.025 2052 -109.3 007.90
03.025 2052 -109.3 007.99
03.025 2052 -109.3 008.07
03.025 2052 -109.3 008.17
02.91 2033 -109.7 008.25
02.91 2033 -109.7 008.33
02.91 2033 -109.7 008.41
02.91 2033 -109.7 008.49
02.91 2033 -109.7 008.57
02.91 2033 -109.7 008.66
02.91 2033 -109.7 008.74
02.91 2033 -109.7 008.82
02.921 2014 -109.4 008.90
02.921 2014 -109.4 008.99
02.921 2014 -109.4 009.07
02.921 2014 -109.4 009.16
02.921 2014 -109.4 009.24
02.921 2014 -109.4 009.34
02.921 2014 -109.4 009.42
02.937 2033 -109.6 009.51
02.937 2033 -109.6 009.59
02.937 2033 -109.6 009.67
02.937 2033 -109.6 009.77
02.937 2033 -109.6 009.84
02.937 2033 -109.6 009.94
02.937 2033 -109.6 010.03
02.935 2052 -109.7 010.12
02.935 2052 -109.7 010.21
02.935 2052 -109.7 010.30
02.935 2052 -109.7 010.40
02.935 2052 -109.7 010.49
02.935 2052 -109.7 010.58
02.978 2052 -109.9 010.66
02.978 2052 -109.9 010.75
02.978 2052 -109.9 010.83
02.978 2052 -109.9 010.91
02.978 2052 -109.9 010.99
02.978 2052 -109.9 011.08
02.978 2052 -109.9 011.16
02.966 2033 -109.8 011.26
02.966 2033 -109.8 011.35
02.966 2033 -109.8 011.43
02.966 2033 -109.8 011.51
02.966 2033 -109.8 011.60
02.966 2033 -109.8 011.68
02.966 2033 -109.8 011.77
03.2 2033 -109.8 011.86
03.2 2033 -110.0 011.94
03.2 2033 -110.0 012.02
03.2 2033 -110.0 012.11
03.2 2033 -110.0 012.21
03.2 2033 -110.0 012.29
03.2 2033 -110.0 012.37
02.888 2033 -110.0 012.45
02.888 2033 -109.9 012.53
02.888 2033 -109.9 012.62
02.888 2033 -109.9 012.71
02.888 2033 -109.9 012.81
02.888 2033 -109.9 012.90
02.888 2033 -109.9 012.99
02.953 2033 -109.7 013.07
02.953 2033 -109.7 013.16
02.953 2033 -109.7 013.24
02.953 2033 -109.7 013.32
02.953 2033 -109.7 013.40
02.953 2033 -109.7 013.48
02.953 2033 -109.7 013.57
02.919 2033 -109.7 013.65
02.919 2090 -110.1 013.74
02.919 2090 -110.1 013.82
02.919 2090 -110.1 013.90
02.919 2090 -110.1 014.01
02.919 2090 -110.1 014.09
02.919 2090 -110.1 014.17
02.961 2090 -110.1 014.25
02.961 2033 -110.1 014.34
02.961 2033 -110.1 014.42
02.961 2033 -110.1 014.51
02.961 2033 -110.1 014.59
02.961 2033 -110.1 014.67
02.961 2033 -110.1 014.75
02.961 2033 -110.1 014.83
02.854 2052 -110.4 014.91
02.854 2052 -110.4 015.00
02.854 2052 -110.4 015.08
02.854 2052 -110.4 015.16
02.854 2052 -110.4 015.25
02.854 2052 -110.4 015.34
02.854 2052 -110.4 015.43
02.948 2052 -110.2 015.51
02.948 2052 -110.2 015.59
02.948 2052 -110.2 015.68
02.948 2052 -110.2 015.76
02.948 2052 -110.2 015.84
02.948 2052 -110.2 015.92
02.948 2052 -110.2 016.00
02.903 2071 -110.4 016.09
02.903 2071 -110.4 016.17
02.903 2071 -110.4 016.25
02.903 2071 -110.4 016.33
02.903 2071 -110.4 016.42
02.903 2071 -110.4 016.51
02.903 2071 -110.4 016.59
02.966 2033 -110.4 016.68
02.966 2033 -110.2 016.76
02.966 2033 -110.2 016.85
02.966 2033 -110.2 016.93
02.966 2033 -110.2 017.01
02.966 2033 -110.2 017.10
02.966 2033 -110.2 017.19
02.84 2052 -110.4 017.29
02.84 2052 -110.4 017.37
02.84 2052 -110.4 017.45
02.84 2052 -110.4 017.53
02.84 2052 -110.4 017.61
02.84 2052 -110.4 017.71
02.84 2052 -110.4 017.80
02.924 2033 -110.4 017.88
02.924 2033 -110.3 017.97
02.924 2033 -110.3 018.05
02.924 2033 -110.3 018.13
02.924 2033 -110.3 018.23
02.924 2033 -110.3 018.31
02.924 2033 -110.3 018.39
02.699 2033 -110.3 018.47
02.699 2052 -110.6 018.56
02.699 2052 -110.6 018.66
