00.862 1539 -001.0 000.03
00.862 1539 -001.0 000.11
00.862 1539 -001.0 000.20
00.862 1539 -001.0 000.28
00.862 1539 -001.0 000.37
00.862 1539 -001.0 000.46
00.833 1577 -000.9 000.55
00.833 1577 -000.9 000.64
00.833 1577 -000.9 000.72
00.833 1577 -000.9 000.80
00.833 1577 -000.9 000.88
00.833 1577 -000.9 000.97
00.833 1577 -000.9 001.07
00.782 1577 -001.1 001.16
00.782 1577 -001.1 001.25
00.782 1577 -001.1 001.34
00.782 1577 -001.1 001.42
00.782 1577 -001.1 001.51
00.782 1577 -001.1 001.59
00.782 1577 -001.1 001.67
00.786 1596 -001.1 001.76
00.786 1596 -001.1 001.85
00.786 1596 -001.1 001.93
00.786 1596 -001.1 002.01
00.786 1596 -001.1 002.10
00.786 1596 -001.1 002.19
00.854 1596 -001.1 002.27
00.854 1558 -001.2 002.36
00.854 1558 -001.2 002.44
00.854 1558 -001.2 002.53
00.854 1558 -001.2 002.62
00.854 1558 -001.2 002.70
00.854 1558 -001.2 002.79
00.831 1558 -001.2 002.87
00.831 1577 -001.3 002.95
00.831 1577 -001.3 003.04
00.831 1577 -001.3 003.12
00.831 1577 -001.3 003.20
00.831 1577 -001.3 003.28
00.831 1577 -001.3 003.36
00.831 1577 -001.3 003.44
00.76 1596 -001.3 003.54
00.76 1596 -001.3 003.62
00.76 1596 -001.3 003.70
00.76 1596 -001.3 003.78
00.76 1596 -001.3 003.87
00.76 1596 -001.3 003.95
00.76 1596 -001.3 004.04
00.833 1558 -001.4 004.13
00.833 1558 -001.4 004.22
00.833 1558 -001.4 004.30
00.833 1558 -001.4 004.38
00.833 1558 -001.4 004.46
00.833 1558 -001.4 004.54
00.833 1558 -001.4 004.63
00.838 1558 -001.2 004.71
00.838 1558 -001.2 004.79
00.838 1558 -001.2 004.88
00.838 1558 -001.2 004.97
00.838 1558 -001.2 005.05
00.838 1558 -001.2 005.13
00.838 1558 -001.2 005.21
00.804 1539 -001.2 005.29
00.804 1539 -001.3 005.38
00.804 1539 -001.3 005.46
00.804 1539 -001.3 005.54
00.804 1539 -001.3 005.63
00.804 1539 -001.3 005.72
00.804 1539 -001.3 005.80
00.784 1539 -001.3 005.88
00.784 1596 -001.6 005.96
00.784 1596 -001.6 006.04
00.784 1596 -001.6 006.13
00.784 1596 -001.6 006.21
00.784 1596 -001.6 006.29
00.784 1596 -001.6 006.39
00.784 1596 -001.6 006.48
00.765 1596 -001.5 006.56
00.765 1596 -001.5 006.65
00.765 1596 -001.5 006.73
00.765 1596 -001.5 006.81
00.765 1596 -001.5 006.89
00.765 1596 -001.5 006.97
00.765 1596 -001.5 007.06
00.787 1596 -001.3 007.14
00.787 1596 -001.3 007.24
00.787 1596 -001.3 007.32
00.787 1596 -001.3 007.41
00.787 1596 -001.3 007.48
00.787 1596 -001.3 007.57
00.787 1596 -001.3 007.65
00.813 1577 -001.6 007.74
00.813 1577 -001.6 007.82
00.813 1577 -001.6 007.91
00.813 1577 -001.6 007.99
00.813 1577 -001.6 008.07
00.813 1577 -001.6 008.15
00.813 1577 -001.6 008.24
00.791 1558 -001.6 008.32
00.791 1558 -001.6 008.40
00.791 1558 -001.6 008.49
00.791 1558 -001.6 008.58
00.791 1558 -001.6 008.66
00.791 1558 -001.6 008.75
00.791 1558 -001.6 008.84
00.781 1577 -001.9 008.94
00.781 1577 -001.9 009.03
00.781 1577 -001.9 009.12
00.781 1577 -001.9 009.21
00.781 1577 -001.9 009.31
00.781 1577 -001.9 009.39
00.781 1577 -001.9 009.47
00.855 1577 -001.9 009.56
00.855 1577 -001.9 009.64
00.855 1577 -001.9 009.72
00.855 1577 -001.9 009.81
00.855 1577 -001.9 009.89
00.855 1577 -001.9 009.97
00.855 1577 -001.9 010.05
00.821 1558 -001.9 010.14
00.821 1558 -001.9 010.23
00.821 1558 -001.9 010.31
00.821 1558 -001.9 010.39
00.821 1558 -001.9 010.47
00.821 1558 -001.9 010.55
00.821 1558 -001.9 010.64
00.81 1558 -001.9 010.72
00.81 1558 -001.9 010.80
00.81 1558 -001.9 010.88
00.81 1558 -001.9 010.97
00.81 1558 -001.9 011.05
00.81 1558 -001.9 011.13
00.81 1558 -001.9 011.21
00.804 1539 -001.9 011.32
00.804 1539 -002.0 011.40
00.804 1539 -002.0 011.49
00.804 1539 -002.0 011.58
00.804 1539 -002.0 011.65
00.804 1539 -002.0 011.74
00.804 1539 -002.0 011.82
00.804 1539 -002.0 011.90
00.797 1596 -002.3 011.99
00.797 1596 -002.3 012.07
00.797 1596 -002.3 012.15
00.797 1596 -002.3 012.23
00.797 1596 -002.3 012.32
00.797 1596 -002.3 012.40
00.797 1596 -002.3 012.48
00.847 1558 -002.4 012.57
00.847 1558 -002.4 012.65
00.847 1558 -002.4 012.74
00.847 1558 -002.4 012.83
00.847 1558 -002.4 012.91
00.847 1558 -002.4 012.99
00.847 1558 -002.4 013.07
00.807 1596 -002.1 013.16
00.807 1596 -002.1 013.24
00.807 1596 -002.1 013.32
00.807 1596 -002.1 013.41
00.807 1596 -002.1 013.49
00.807 1596 -002.1 013.57
00.807 1596 -002.1 013.66
00.792 1577 -002.1 013.74
00.792 1577 -002.1 013.83
00.792 1577 -002.1 013.93
00.792 1577 -002.1 014.01
00.792 1577 -002.1 014.11
00.792 1577 -002.1 014.19
00.792 1577 -002.1 014.27
00.732 1558 -001.9 014.35
00.732 1558 -001.9 014.44
00.732 1558 -001.9 014.52
00.732 1558 -001.9 014.60
00.732 1558 -001.9 014.68
00.732 1558 -001.9 014.77
00.732 1558 -001.9 014.86
00.829 1577 -001.9 014.94
00.829 1577 -001.9 015.02
00.829 1577 -001.9 015.10
00.829 1577 -001.9 015.18
00.829 1577 -001.9 015.27
00.829 1577 -001.9 015.36
00.829 1577 -001.9 015.44
00.825 1558 -001.9 015.52
00.825 1558 -002.2 015.61
00.825 1558 -002.2 015.69
00.825 1558 -002.2 015.77
00.825 1558 -002.2 015.86
00.825 1558 -002.2 015.94
00.825 1558 -002.2 016.02
00.854 1558 -002.2 016.11
00.854 1577 -002.3 016.20
00.854 1577 -002.3 016.28
00.854 1577 -002.3 016.36
00.854 1577 -002.3 016.44
00.854 1577 -002.3 016.52
00.854 1577 -002.3 016.62
00.854 1577 -002.3 016.70
00.791 1558 -002.3 016.78
00.791 1558 -002.3 016.86
00.791 1558 -002.3 016.96
00.791 1558 -002.3 017.04
00.791 1558 -002.3 017.13
00.791 1558 -002.3 017.22
00.791 1558 -002.3 017.30
00.86 1558 -002.6 017.38
00.86 1558 -002.6 017.46
00.86 1558 -002.6 017.54
00.86 1558 -002.6 017.64
00.86 1558 -002.6 017.72
00.86 1558 -002.6 017.80
00.86 1558 -002.6 017.88
00.823 1577 -002.5 017.96
00.823 1577 -002.5 018.04
00.823 1577 -002.5 018.14
00.823 1577 -002.5 018.22
00.823 1577 -002.5 018.31
00.823 1577 -002.5 018.39
00.823 1577 -002.5 018.47
00.8 1596 -002.5 018.56
00.8 1596 -002.5 018.64
00.8 1596 -002.5 018.72
00.8 1596 -002.5 018.80
00.8 1596 -002.5 018.89
00.8 1596 -002.5 018.97
00.8 1596 -002.5 019.05
00.761 1558 -002.5 019.13
00.761 1558 -002.5 019.23
00.761 1558 -002.5 019.31
00.761 1558 -002.5 019.39
00.761 1558 -002.5 019.48
00.761 1558 -002.5 019.56
00.761 1558 -002.5 019.65
00.828 1558 -002.5 019.73
00.828 1577 -002.6 019.81
00.828 1577 -002.6 019.89
00.828 1577 -002.6 019.98
00.828 1577 -002.6 020.06
00.828 1577 -002.6 020.15
00.828 1577 -002.6 020.24
00.828 1577 -002.6 020.32
00.821 1558 -002.6 020.40
00.821 1558 -002.6 020.49
00.821 1558 -002.6 020.57
00.821 1558 -002.6 020.65
00.821 1558 -002.6 020.73
00.821 1558 -002.6 020.82
00.815 1558 -002.6 020.92
00.815 1577 -002.2 021.02
00.815 1577 -002.2 021.11
00.815 1577 -002.2 021.20
00.815 1577 -002.2 021.29
00.815 1577 -002.2 021.37
00.815 1577 -002.2 021.45
00.807 1577 -002.2 021.53
00.807 1577 -002.6 021.62
00.807 1577 -002.6 021.71
00.807 1577 -002.6 021.79
00.807 1577 -002.6 021.87
00.807 1577 -002.6 021.97
00.807 1577 -002.6 022.05
00.854 1577 -002.6 022.13
00.854 1577 -002.6 022.21
00.854 1577 -002.6 022.29
00.854 1577 -002.6 022.38
00.854 1577 -002.6 022.46
00.854 1577 -002.6 022.54
00.854 1577 -002.6 022.62
00.854 1577 -002.6 022.71
00.831 1577 -002.5 022.79
00.831 1577 -002.5 022.87
00.831 1577 -002.5 022.95
00.831 1577 -002.5 023.04
00.831 1577 -002.5 023.13
00.831 1577 -002.5 023.21
00.831 1577 -002.5 023.29
00.815 1558 -002.6 023.38
00.815 1558 -002.6 023.46
00.815 1558 -002.6 023.55
00.815 1558 -002.6 023.64
00.815 1558 -002.6 023.72
00.815 1558 -002.6 023.80
00.815 1558 -002.6 023.88
00.763 1558 -002.7 023.97
00.763 1558 -002.7 024.05
00.763 1558 -002.7 024.13
00.763 1558 -002.7 024.23
00.763 1558 -002.7 024.32
00.763 1558 -002.7 024.40
00.763 1558 -002.7 024.48
00.838 1558 -002.7 024.56
00.838 1558 -002.8 024.65
00.838 1558 -002.8 024.73
00.838 1558 -002.8 024.81
00.838 1558 -002.8 024.90
00.838 1558 -002.8 024.98
00.838 1558 -002.8 025.06
00.838 1558 -002.8 025.14
00.794 1596 -003.0 025.22
00.794 1596 -003.0 025.30
00.794 1596 -003.0 025.38
00.794 1596 -003.0 025.47
00.794 1596 -003.0 025.57
00.794 1596 -003.0 025.66
00.794 1596 -003.0 025.74
00.794 1558 -002.8 025.83
00.794 1558 -002.8 025.91
00.794 1558 -002.8 025.99
00.794 1558 -002.8 026.07
00.794 1558 -002.8 026.16
00.794 1558 -002.8 026.24
00.794 1558 -002.8 026.33
00.765 1577 -002.9 026.42
00.765 1577 -002.9 026.51
00.765 1577 -002.9 026.59
00.765 1577 -002.9 026.67
00.765 1577 -002.9 026.75
00.765 1577 -002.9 026.84
00.765 1577 -002.9 026.93
00.868 1558 -003.0 027.01
00.868 1558 -003.0 027.09
00.868 1558 -003.0 027.18
00.868 1558 -003.0 027.27
00.868 1558 -003.0 027.36
00.868 1558 -003.0 027.44
00.834 1558 -003.0 027.55
00.834 1596 -003.0 027.64
00.834 1596 -003.0 027.73
00.834 1596 -003.0 027.81
00.834 1596 -003.0 027.89
00.834 1596 -003.0 027.97
00.834 1596 -003.0 028.06
00.834 1596 -003.0 028.14
00.828 1558 -003.1 028.23
00.828 1558 -003.1 028.31
00.828 1558 -003.1 028.39
00.828 1558 -003.1 028.47
00.828 1558 -003.1 028.55
00.828 1558 -003.1 028.64
00.828 1558 -003.1 028.73
00.799 1577 -003.2 028.82
00.799 1577 -003.2 028.90
00.799 1577 -003.2 028.98
00.799 1577 -003.2 029.06
00.799 1577 -003.2 029.14
00.799 1577 -003.2 029.23
00.799 1577 -003.2 029.31
00.855 1577 -002.9 029.41
00.855 1577 -002.9 029.49
00.855 1577 -002.9 029.57
00.855 1577 -002.9 029.66
00.855 1577 -002.9 029.74
00.855 1577 -002.9 029.82
00.855 1577 -002.9 029.91
00.844 1596 -003.1 029.99
00.844 1596 -003.1 030.07
00.844 1596 -003.1 030.15
00.844 1596 -003.1 030.24
00.844 1596 -003.1 030.33
00.844 1596 -003.1 030.41
00.844 1596 -003.1 030.49
00.82 1558 -003.1 030.58
00.82 1558 -003.3 030.66
00.82 1558 -003.3 030.74
00.82 1558 -003.3 030.82
00.82 1558 -003.3 030.90
00.82 1558 -003.3 030.98
00.82 1558 -003.3 031.06
00.82 1558 -003.3 031.14
00.765 1577 -003.3 031.22
00.765 1577 -003.3 031.31
00.765 1577 -003.3 031.40
00.765 1577 -003.3 031.48
00.765 1577 -003.3 031.56
00.765 1577 -003.3 031.65
00.765 1577 -003.3 031.73
00.854 1596 -003.5 031.81
00.854 1596 -003.5 031.91
00.854 1596 -003.5 031.99
00.854 1596 -003.5 032.07
00.854 1596 -003.5 032.16
00.854 1596 -003.5 032.24
00.854 1596 -003.5 032.32
00.839 1558 -003.5 032.40
00.839 1558 -003.5 032.50
00.839 1558 -003.5 032.58
00.839 1558 -003.5 032.67
00.839 1558 -003.5 032.75
00.839 1558 -003.5 032.85
00.839 1558 -003.5 032.93
00.833 1558 -003.6 033.02
00.833 1558 -003.6 033.10
00.833 1558 -003.6 033.19
00.833 1558 -003.6 033.28
00.833 1558 -003.6 033.36
00.833 1558 -003.6 033.44
00.833 1558 -003.6 033.52
00.807 1577 -003.8 033.61
00.807 1577 -003.8 033.69
00.807 1577 -003.8 033.77
00.807 1577 -003.8 033.86
00.807 1577 -003.8 033.94
00.807 1577 -003.8 034.02
00.807 1577 -003.8 034.11
00.784 1558 -003.8 034.21
00.784 1558 -003.8 034.29
00.784 1558 -003.8 034.38
00.784 1558 -003.8 034.47
00.784 1558 -003.8 034.55
00.784 1558 -003.8 034.63
00.784 1558 -003.8 034.71
00.839 1539 -003.8 034.79
00.839 1539 -003.8 034.89
00.839 1539 -003.8 034.97
00.839 1539 -003.8 035.06
00.839 1539 -003.8 035.14
00.839 1539 -003.8 035.22
00.839 1539 -003.8 035.31
00.868 1539 -003.8 035.39
00.868 1558 -003.8 035.47
00.868 1558 -003.8 035.55
00.868 1558 -003.8 035.65
00.868 1558 -003.8 035.74
00.868 1558 -003.8 035.84
00.868 1558 -003.8 035.93
00.847 1539 -003.8 036.01
00.847 1539 -003.8 036.09
00.847 1539 -003.8 036.19
00.847 1539 -003.8 036.28
00.847 1539 -003.8 036.36
00.847 1539 -003.8 036.44
00.847 1539 -003.8 036.53
00.826 1577 -003.9 036.61
00.826 1577 -003.9 036.69
00.826 1577 -003.9 036.77
00.826 1577 -003.9 036.86
00.826 1577 -003.9 036.95
00.826 1577 -003.9 037.04
00.826 1577 -003.9 037.12
00.81 1558 -004.1 037.21
00.81 1558 -004.1 037.29
00.81 1558 -004.1 037.37
00.81 1558 -004.1 037.45
00.81 1558 -004.1 037.53
00.81 1558 -004.1 037.62
00.81 1558 -004.1 037.71
00.774 1558 -004.1 037.79
00.774 1596 -003.9 037.88
00.774 1596 -003.9 037.96
00.774 1596 -003.9 038.04
00.774 1596 -003.9 038.13
00.774 1596 -003.9 038.23
00.774 1596 -003.9 038.31
00.808 1577 -003.9 038.39
00.808 1577 -003.9 038.47
00.808 1577 -003.9 038.57
00.808 1577 -003.9 038.65
00.808 1577 -003.9 038.73
00.808 1577 -003.9 038.81
00.808 1577 -003.9 038.90
00.865 1577 -003.9 038.99
00.865 1558 -004.0 039.07
00.865 1558 -004.0 039.15
00.865 1558 -004.0 039.23
00.865 1558 -004.0 039.31
00.865 1558 -004.0 039.39
00.865 1558 -004.0 039.47
00.865 1558 -004.0 039.56
00.846 1558 -003.9 039.64
00.846 1558 -003.9 039.72
00.846 1558 -003.9 039.81
00.846 1558 -003.9 039.89
00.846 1558 -003.9 039.97
00.846 1558 -003.9 040.05
00.846 1558 -003.9 040.14
00.833 1577 -004.2 040.22
00.833 1577 -004.2 040.30
00.833 1577 -004.2 040.38
00.833 1577 -004.2 040.47
00.833 1577 -004.2 040.55
00.833 1577 -004.2 040.63
00.833 1577 -004.2 040.72
00.833 1577 -004.2 040.80
00.794 1577 -004.2 040.90
00.794 1577 -004.2 040.98
00.794 1577 -004.2 041.06
00.794 1577 -004.2 041.15
00.794 1577 -004.2 041.23
00.794 1577 -004.2 041.31
00.914 1577 -004.2 041.39
00.914 1577 -005.2 041.47
00.914 1577 -005.2 041.56
00.914 1577 -005.2 041.64
00.914 1577 -005.2 041.72
00.914 1577 -005.2 041.80
00.914 1577 -005.2 041.88
00.914 1577 -005.2 041.97
00.888 1558 -005.0 042.05
00.888 1558 -005.0 042.13
00.888 1558 -005.0 042.22
00.888 1558 -005.0 042.30
00.888 1558 -005.0 042.38
00.888 1558 -005.0 042.47
00.888 1558 -005.0 042.55
00.838 1558 -004.6 042.63
00.838 1558 -004.6 042.72
00.838 1558 -004.6 042.80
00.838 1558 -004.6 042.89
00.838 1558 -004.6 042.98
00.838 1558 -004.6 043.06
00.838 1558 -004.6 043.14
00.825 1596 -004.8 043.22
00.825 1596 -004.8 043.31
00.825 1596 -004.8 043.40
00.825 1596 -004.8 043.49
00.825 1596 -004.8 043.58
00.825 1596 -004.8 043.66
00.825 1596 -004.8 043.74
00.878 1558 -004.8 043.82
00.878 1558 -004.9 043.91
00.878 1558 -004.9 044.01
00.878 1558 -004.9 044.09
00.878 1558 -004.9 044.17
00.878 1558 -004.9 044.26
00.878 1558 -004.9 044.35
00.92 1558 -004.7 044.44
00.92 1558 -004.7 044.52
00.92 1558 -004.7 044.60
00.92 1558 -004.7 044.68
00.92 1558 -004.7 044.76
00.92 1558 -004.7 044.86
00.92 1558 -004.7 044.94
00.894 1577 -005.1 045.03
00.894 1577 -005.1 045.11
00.894 1577 -005.1 045.19
00.894 1577 -005.1 045.27
00.894 1577 -005.1 045.37
00.894 1577 -005.1 045.45
00.894 1577 -005.1 045.53
00.872 1577 -005.1 045.62
00.872 1577 -004.8 045.70
00.872 1577 -004.8 045.78
00.872 1577 -004.8 045.86
00.872 1577 -004.8 045.96
00.872 1577 -004.8 046.05
00.872 1577 -004.8 046.13
00.872 1577 -004.8 046.21
00.855 1539 -005.2 046.29
00.855 1539 -005.2 046.38
00.855 1539 -005.2 046.46
00.855 1539 -005.2 046.54
00.855 1539 -005.2 046.62
00.855 1539 -005.2 046.71
00.855 1539 -005.2 046.80
00.894 1596 -005.3 046.88
00.894 1596 -005.3 046.96
00.894 1596 -005.3 047.05
00.894 1596 -005.3 047.13
00.894 1596 -005.3 047.23
00.894 1596 -005.3 047.31
00.894 1596 -005.3 047.39
01.017 1558 -005.4 047.47
01.017 1558 -005.4 047.56
01.017 1558 -005.4 047.64
01.017 1558 -005.4 047.72
01.017 1558 -005.4 047.81
01.017 1558 -005.4 047.89
01.017 1558 -005.4 047.97
00.961 1577 -005.2 048.05
00.961 1577 -005.2 048.13
00.961 1577 -005.2 048.23
00.961 1577 -005.2 048.31
00.961 1577 -005.2 048.40
00.961 1577 -005.2 048.48
00.961 1577 -005.2 048.58
00.975 1539 -005.0 048.66
00.975 1539 -005.0 048.75
00.975 1539 -005.0 048.85
00.975 1539 -005.0 048.93
00.975 1539 -005.0 049.01
00.975 1539 -005.0 049.11
00.975 1539 -005.0 049.19
01.027 1596 -005.0 049.27
01.027 1596 -005.0 049.35
01.027 1596 -005.0 049.44
01.027 1596 -005.0 049.54
01.027 1596 -005.0 049.63
01.027 1596 -005.0 049.71
01.027 1596 -005.0 049.80
01.194 1539 -005.0 049.88
01.194 1539 -005.0 049.97
01.194 1539 -005.0 050.05
01.194 1539 -005.0 050.13
01.194 1539 -005.0 050.22
01.194 1539 -005.0 050.30
01.194 1539 -005.0 050.38
01.225 1539 -005.1 050.46
01.225 1539 -005.1 050.54
01.225 1539 -005.1 050.63
01.225 1539 -005.1 050.71
01.225 1539 -005.1 050.79
01.225 1539 -005.1 050.87
01.225 1539 -005.1 050.96
01.207 1539 -005.2 051.04
01.207 1539 -005.2 051.12
01.207 1539 -005.2 051.20
01.207 1539 -005.2 051.28
01.207 1539 -005.2 051.37
01.207 1539 -005.2 051.46
01.207 1539 -005.2 051.54
01.255 1539 -005.2 051.64
01.255 1539 -005.3 051.72
01.255 1539 -005.3 051.80
01.255 1539 -005.3 051.89
01.255 1539 -005.3 051.97
01.255 1539 -005.3 052.05
01.255 1539 -005.3 052.13
01.223 1539 -005.3 052.22
01.223 1558 -005.2 052.30
01.223 1558 -005.2 052.40
01.223 1558 -005.2 052.48
01.223 1558 -005.2 052.58
01.223 1558 -005.2 052.66
01.223 1558 -005.2 052.74
01.204 1558 -005.2 052.83
01.204 1539 -005.3 052.91
01.204 1539 -005.3 052.99
01.204 1539 -005.3 053.08
01.204 1539 -005.3 053.16
01.204 1539 -005.3 053.24
01.204 1539 -005.3 053.33
01.204 1539 -005.3 053.42
01.217 1539 -005.3 053.51
01.217 1539 -005.3 053.60
01.217 1539 -005.3 053.68
01.217 1539 -005.3 053.76
01.217 1539 -005.3 053.86
01.217 1539 -005.3 053.94
01.217 1539 -005.3 054.03
01.238 1539 -005.3 054.11
01.238 1539 -005.3 054.19
01.238 1539 -005.3 054.28
01.238 1539 -005.3 054.36
01.238 1539 -005.3 054.46
01.238 1539 -005.3 054.54
01.238 1539 -005.3 054.63
01.315 1577 -005.5 054.71
01.315 1577 -005.5 054.79
01.315 1577 -005.5 054.89
01.315 1577 -005.5 054.98
01.315 1577 -005.5 055.06
01.315 1577 -005.5 055.14
01.315 1577 -005.5 055.22
01.288 1520 -005.4 055.30
01.288 1520 -005.4 055.39
01.288 1520 -005.4 055.47
01.288 1520 -005.4 055.56
01.288 1520 -005.4 055.64
01.288 1520 -005.4 055.73
01.288 1520 -005.4 055.81
01.383 1539 -005.6 055.89
01.383 1539 -005.6 055.97
01.383 1539 -005.6 056.06
01.383 1539 -005.6 056.14
01.383 1539 -005.6 056.24
01.383 1539 -005.6 056.33
01.383 1539 -005.6 056.42
01.489 1520 -005.6 056.51
01.489 1520 -005.6 056.59
01.489 1520 -005.6 056.68
01.489 1520 -005.6 056.76
01.489 1520 -005.6 056.86
01.489 1520 -005.6 056.94
01.489 1520 -005.6 057.03
01.536 1539 -006.0 057.12
01.536 1539 -006.0 057.20
01.536 1539 -006.0 057.28
01.536 1539 -006.0 057.36
01.536 1539 -006.0 057.46
01.536 1539 -006.0 057.54
01.536 1539 -006.0 057.63
01.646 1539 -005.9 057.71
01.646 1539 -005.9 057.79
01.646 1539 -005.9 057.89
01.646 1539 -005.9 057.98
01.646 1539 -005.9 058.06
01.646 1539 -005.9 058.15
01.908 1539 -005.9 058.24
01.908 1501 -005.8 058.34
01.908 1501 -005.8 058.42
01.908 1501 -005.8 058.50
01.908 1501 -005.8 058.59
01.908 1501 -005.8 058.67
01.908 1501 -005.8 058.76
01.957 1501 -005.8 058.84
01.957 1520 -005.0 058.94
01.957 1520 -005.0 059.03
01.957 1520 -005.0 059.12
01.957 1520 -005.0 059.21
01.957 1520 -005.0 059.29
01.957 1520 -005.0 059.38
02.116 1482 -004.1 059.47
02.116 1482 -004.1 059.55
02.116 1482 -004.1 059.64
02.116 1482 -004.1 059.73
02.116 1482 -004.1 059.81
02.116 1482 -004.1 059.89
02.116 1482 -004.1 059.97
02.213 1482 -004.5 060.07
02.213 1482 -004.5 060.15
02.213 1482 -004.5 060.24
02.213 1482 -004.5 060.32
02.213 1482 -004.5 060.41
02.213 1482 -004.5 060.49
02.213 1482 -004.5 060.59
02.143 1482 -004.8 060.67
02.143 1482 -004.8 060.75
02.143 1482 -004.8 060.85
02.143 1482 -004.8 060.93
02.143 1482 -004.8 061.02
02.143 1482 -004.8 061.10
02.143 1482 -004.8 061.18
02.252 1501 -004.9 061.28
02.252 1501 -004.9 061.36
02.252 1501 -004.9 061.44
02.252 1501 -004.9 061.53
02.252 1501 -004.9 061.61
02.252 1501 -004.9 061.69
02.252 1501 -004.9 061.77
02.411 1501 -004.9 061.86
02.411 1463 -004.9 061.94
02.411 1463 -004.9 062.02
02.411 1463 -004.9 062.10
02.411 1463 -004.9 062.19
02.411 1463 -004.9 062.27
02.411 1463 -004.9 062.35
02.411 1463 -004.9 062.44
02.351 1482 -005.0 062.52
02.351 1482 -005.0 062.62
02.351 1482 -005.0 062.71
02.351 1482 -005.0 062.79
02.351 1482 -005.0 062.87
02.351 1482 -005.0 062.96
02.351 1482 -005.0 063.04
02.459 1482 -004.7 063.12
02.459 1482 -004.7 063.20
02.459 1482 -004.7 063.28
02.459 1482 -004.7 063.37
02.459 1482 -004.7 063.45
02.459 1482 -004.7 063.53
02.459 1482 -004.7 063.62
02.378 1501 -005.4 063.71
02.378 1501 -005.4 063.79
02.378 1501 -005.4 063.87
02.378 1501 -005.4 063.95
02.378 1501 -005.4 064.03
02.378 1501 -005.4 064.12
02.378 1501 -005.4 064.20
02.464 1482 -005.3 064.28
02.464 1482 -005.3 064.36
02.464 1482 -005.3 064.46
02.464 1482 -005.3 064.54
02.464 1482 -005.3 064.63
02.464 1482 -005.3 064.71
02.464 1482 -005.3 064.79
02.453 1463 -005.3 064.88
02.453 1463 -005.7 064.96
02.453 1463 -005.7 065.04
02.453 1463 -005.7 065.13
02.453 1463 -005.7 065.21
02.453 1463 -005.7 065.30
02.453 1463 -005.7 065.38
02.453 1463 -005.7 065.46
02.475 1501 -005.8 065.54
02.475 1501 -005.8 065.63
02.475 1501 -005.8 065.71
02.475 1501 -005.8 065.79
02.475 1501 -005.8 065.87
02.475 1501 -005.8 065.96
02.475 1501 -005.8 066.04
02.394 1482 -006.1 066.13
02.394 1482 -006.1 066.21
02.394 1482 -006.1 066.29
02.394 1482 -006.1 066.38
02.394 1482 -006.1 066.45
02.394 1482 -006.1 066.54
02.394 1482 -006.1 066.62
02.377 1482 -005.8 066.70
02.377 1482 -005.8 066.78
02.377 1482 -005.8 066.87
02.377 1482 -005.8 066.95
02.377 1482 -005.8 067.03
02.377 1482 -005.8 067.11
02.377 1482 -005.8 067.19
02.377 1482 -005.8 067.28
02.505 1501 -006.1 067.36
02.505 1501 -006.1 067.44
02.505 1501 -006.1 067.52
02.505 1501 -006.1 067.62
02.505 1501 -006.1 067.70
02.505 1501 -006.1 067.79
02.505 1501 -006.1 067.87
02.349 1482 -005.8 067.95
02.349 1482 -005.8 068.03
02.349 1482 -005.8 068.12
02.349 1482 -005.8 068.21
02.349 1482 -005.8 068.29
02.349 1482 -005.8 068.37
02.349 1482 -005.8 068.46
02.404 1482 -006.0 068.54
02.404 1482 -006.0 068.64
02.404 1482 -006.0 068.72
02.404 1482 -006.0 068.81
02.404 1482 -006.0 068.90
02.404 1482 -006.0 068.99
02.394 1482 -006.0 069.08
02.394 1463 -006.4 069.17
02.394 1463 -006.4 069.26
02.394 1463 -006.4 069.35
02.394 1463 -006.4 069.44
02.394 1463 -006.4 069.53
02.394 1463 -006.4 069.61
02.47 1501 -006.4 069.69
02.47 1501 -007.0 069.78
02.47 1501 -007.0 069.86
02.47 1501 -007.0 069.94
02.47 1501 -007.0 070.02
02.47 1501 -007.0 070.12
02.47 1501 -007.0 070.21
02.477 1501 -007.0 070.29
02.477 1482 -006.9 070.37
02.477 1482 -006.9 070.45
02.477 1482 -006.9 070.55
02.477 1482 -006.9 070.64
02.477 1482 -006.9 070.73
02.477 1482 -006.9 070.81
02.44 1482 -006.9 070.89
02.44 1482 -006.9 070.98
02.44 1482 -006.9 071.07
02.44 1482 -006.9 071.16
02.44 1482 -006.9 071.24
02.44 1482 -006.9 071.32
02.44 1482 -006.9 071.40
02.49 1482 -006.9 071.50
02.49 1463 -007.0 071.58
02.49 1463 -007.0 071.67
02.49 1463 -007.0 071.75
02.49 1463 -007.0 071.83
02.49 1463 -007.0 071.91
02.49 1463 -007.0 071.99
02.49 1463 -007.0 072.07
02.414 1482 -007.0 072.15
02.414 1482 -007.0 072.23
02.414 1482 -007.0 072.32
02.414 1482 -007.0 072.41
02.414 1482 -007.0 072.49
02.414 1482 -007.0 072.57
02.414 1482 -007.0 072.66
02.513 1482 -007.1 072.75
02.513 1482 -007.1 072.85
02.513 1482 -007.1 072.94
02.513 1482 -007.1 073.02
02.513 1482 -007.1 073.10
02.513 1482 -007.1 073.19
02.513 1482 -007.1 073.27
02.362 1501 -007.1 073.35
02.362 1501 -007.1 073.43
02.362 1501 -007.1 073.52
02.362 1501 -007.1 073.60
02.362 1501 -007.1 073.68
02.362 1501 -007.1 073.77
02.362 1501 -007.1 073.86
02.474 1482 -006.9 073.95
02.474 1482 -006.9 074.05
02.474 1482 -006.9 074.13
02.474 1482 -006.9 074.21
02.474 1482 -006.9 074.29
02.474 1482 -006.9 074.39
02.474 1482 -006.9 074.47
02.394 1463 -007.3 074.55
02.394 1463 -007.3 074.64
02.394 1463 -007.3 074.72
02.394 1463 -007.3 074.80
02.394 1463 -007.3 074.88
02.394 1463 -007.3 074.96
02.394 1463 -007.3 075.04
02.407 1482 -007.0 075.12
02.407 1482 -007.0 075.21
02.407 1482 -007.0 075.29
02.407 1482 -007.0 075.37
02.407 1482 -007.0 075.46
02.407 1482 -007.0 075.55
02.407 1482 -007.0 075.64
02.419 1482 -007.0 075.72
02.419 1482 -007.3 075.80
02.419 1482 -007.3 075.88
02.419 1482 -007.3 075.96
02.419 1482 -007.3 076.04
02.419 1482 -007.3 076.13
02.419 1482 -007.3 076.21
02.419 1482 -007.3 076.30
02.317 1482 -007.3 076.38
02.317 1482 -007.3 076.46
02.317 1482 -007.3 076.54
02.317 1482 -007.3 076.62
02.317 1482 -007.3 076.71
02.317 1482 -007.3 076.79
02.317 1482 -007.3 076.88
02.401 1482 -007.2 076.96
02.401 1482 -007.2 077.04
02.401 1482 -007.2 077.12
02.401 1482 -007.2 077.21
02.401 1482 -007.2 077.29
02.401 1482 -007.2 077.37
02.401 1482 -007.2 077.46
02.346 1501 -007.6 077.54
02.346 1501 -007.6 077.63
02.346 1501 -007.6 077.72
02.346 1501 -007.6 077.80
02.346 1501 -007.6 077.89
02.346 1501 -007.6 077.98
02.346 1501 -007.6 078.06
02.422 1482 -007.6 078.14
02.422 1482 -007.6 078.24
02.422 1482 -007.6 078.32
02.422 1482 -007.6 078.40
02.422 1482 -007.6 078.48
02.422 1482 -007.6 078.56
02.422 1482 -007.6 078.65
02.424 1482 -007.6 078.73
02.424 1482 -007.7 078.81
02.424 1482 -007.7 078.89
02.424 1482 -007.7 078.97
02.424 1482 -007.7 079.06
02.424 1482 -007.7 079.14
02.424 1482 -007.7 079.24
02.297 1482 -007.7 079.32
02.297 1482 -007.5 079.42
02.297 1482 -007.5 079.51
02.297 1482 -007.5 079.59
02.297 1482 -007.5 079.67
02.297 1482 -007.5 079.75
02.297 1482 -007.5 079.83
02.386 1482 -007.5 079.93
02.386 1482 -007.4 080.03
02.386 1482 -007.4 080.11
02.386 1482 -007.4 080.19
02.386 1482 -007.4 080.28
02.386 1482 -007.4 080.36
02.386 1482 -007.4 080.45
02.292 1482 -007.4 080.54
02.292 1482 -007.5 080.62
02.292 1482 -007.5 080.71
02.292 1482 -007.5 080.79
02.292 1482 -007.5 080.88
02.292 1482 -007.5 080.98
02.292 1482 -007.5 081.06
02.355 1482 -007.7 081.14
02.355 1482 -007.7 081.23
02.355 1482 -007.7 081.31
02.355 1482 -007.7 081.39
02.355 1482 -007.7 081.47
02.355 1482 -007.7 081.55
02.355 1482 -007.7 081.64
02.42 1482 -007.7 081.73
02.42 1482 -007.9 081.82
02.42 1482 -007.9 081.90
02.42 1482 -007.9 081.98
02.42 1482 -007.9 082.06
02.42 1482 -007.9 082.14
02.42 1482 -007.9 082.22
02.42 1482 -007.9 082.32
02.331 1482 -007.7 082.40
02.331 1482 -007.7 082.48
02.331 1482 -007.7 082.56
02.331 1482 -007.7 082.65
02.331 1482 -007.7 082.75
02.331 1482 -007.7 082.83
02.331 1482 -007.7 082.91
02.435 1482 -007.7 083.01
02.435 1482 -007.7 083.09
02.435 1482 -007.7 083.19
02.435 1482 -007.7 083.27
02.435 1482 -007.7 083.35
02.435 1482 -007.7 083.44
02.435 1482 -007.7 083.52
02.317 1482 -007.8 083.62
02.317 1482 -007.8 083.70
02.317 1482 -007.8 083.79
02.317 1482 -007.8 083.87
02.317 1482 -007.8 083.94
02.317 1482 -007.8 084.03
02.317 1482 -007.8 084.11
02.36 1482 -008.0 084.19
02.36 1482 -008.0 084.29
02.36 1482 -008.0 084.37
02.36 1482 -008.0 084.45
02.36 1482 -008.0 084.55
02.36 1482 -008.0 084.64
02.36 1482 -008.0 084.72
02.3 1482 -008.0 084.80
02.3 1482 -008.0 084.89
02.3 1482 -008.0 084.98
02.3 1482 -008.0 085.07
02.3 1482 -008.0 085.15
02.3 1482 -008.0 085.23
02.3 1482 -008.0 085.31
02.339 1463 -007.9 085.40
02.339 1463 -007.9 085.49
02.339 1463 -007.9 085.58
02.339 1463 -007.9 085.66
02.339 1463 -007.9 085.75
02.339 1463 -007.9 085.83
02.339 1463 -007.9 085.93
02.381 1482 -007.9 086.01
02.381 1482 -007.9 086.10
02.381 1482 -007.9 086.18
02.381 1482 -007.9 086.26
02.381 1482 -007.9 086.34
02.381 1482 -007.9 086.44
02.381 1482 -007.9 086.52
02.326 1482 -008.2 086.61
02.326 1482 -008.2 086.69
02.326 1482 -008.2 086.77
02.326 1482 -008.2 086.86
02.326 1482 -008.2 086.94
02.326 1482 -008.2 087.02
02.326 1482 -008.2 087.11
02.453 1482 -008.2 087.19
02.453 1482 -008.2 087.28
02.453 1482 -008.2 087.36
02.453 1482 -008.2 087.44
02.453 1482 -008.2 087.53
02.453 1482 -008.2 087.62
02.453 1482 -008.2 087.70
02.313 1482 -008.2 087.78
02.313 1482 -008.2 087.89
02.313 1482 -008.2 087.97
02.313 1482 -008.2 088.05
02.313 1482 -008.2 088.13
02.313 1482 -008.2 088.24
02.313 1482 -008.2 088.32
02.317 1501 -008.2 088.40
02.317 1501 -008.2 088.48
02.317 1501 -008.2 088.58
02.317 1501 -008.2 088.66
02.317 1501 -008.2 088.74
02.317 1501 -008.2 088.82
02.317 1501 -008.2 088.92
02.383 1482 -008.2 089.00
02.383 1482 -008.2 089.08
02.383 1482 -008.2 089.17
02.383 1482 -008.2 089.25
02.383 1482 -008.2 089.35
02.383 1482 -008.2 089.43
02.383 1482 -008.2 089.51
02.312 1482 -008.6 089.60
02.312 1482 -008.6 089.69
02.312 1482 -008.6 089.77
02.312 1482 -008.6 089.86
02.312 1482 -008.6 089.94
02.312 1482 -008.6 090.02
02.312 1482 -008.6 090.10
02.459 1482 -008.8 090.18
02.459 1482 -008.8 090.28
02.459 1482 -008.8 090.36
02.459 1482 -008.8 090.44
02.459 1482 -008.8 090.52
02.459 1482 -008.8 090.61
02.459 1482 -008.8 090.69
02.372 1482 -008.5 090.79
02.372 1482 -008.5 090.87
02.372 1482 -008.5 090.95
02.372 1482 -008.5 091.03
02.372 1482 -008.5 091.11
02.372 1482 -008.5 091.20
02.372 1482 -008.5 091.28
02.378 1482 -008.5 091.37
02.378 1482 -008.5 091.45
02.378 1482 -008.5 091.53
02.378 1482 -008.5 091.62
02.378 1482 -008.5 091.71
02.378 1482 -008.5 091.79
02.378 1482 -008.5 091.87
02.394 1482 -008.5 091.96
02.394 1501 -009.0 092.05
02.394 1501 -009.0 092.13
02.394 1501 -009.0 092.21
02.394 1501 -009.0 092.30
02.394 1501 -009.0 092.38
02.394 1501 -009.0 092.46
02.394 1501 -009.0 092.54
02.286 1463 -008.8 092.63
02.286 1463 -008.8 092.71
02.286 1463 -008.8 092.79
02.286 1463 -008.8 092.88
02.286 1463 -008.8 092.98
02.286 1463 -008.8 093.06
02.286 1463 -008.8 093.15
02.386 1501 -008.9 093.23
02.386 1501 -008.9 093.32
02.386 1501 -008.9 093.41
02.386 1501 -008.9 093.50
02.386 1501 -008.9 093.59
02.386 1501 -008.9 093.67
02.386 1501 -008.9 093.75
02.317 1463 -008.9 093.84
02.317 1463 -008.9 093.92
02.317 1463 -008.9 094.01
02.317 1463 -008.9 094.11
02.317 1463 -008.9 094.19
02.317 1463 -008.9 094.27
02.317 1463 -008.9 094.35
02.388 1482 -008.9 094.43
02.388 1482 -008.9 094.52
02.388 1482 -008.9 094.61
02.388 1482 -008.9 094.69
02.388 1482 -008.9 094.77
02.388 1482 -008.9 094.87
02.448 1482 -008.9 094.97
02.448 1501 -008.9 095.05
02.448 1501 -008.9 095.14
02.448 1501 -008.9 095.22
02.448 1501 -008.9 095.30
02.448 1501 -008.9 095.39
02.448 1501 -008.9 095.48
02.448 1501 -008.9 095.56
02.33 1482 -009.0 095.65
02.33 1482 -009.0 095.73
02.33 1482 -009.0 095.81
02.33 1482 -009.0 095.90
02.33 1482 -009.0 095.98
02.33 1482 -009.0 096.06
02.33 1482 -009.0 096.15
02.39 1501 -009.1 096.23
02.39 1501 -009.1 096.31
02.39 1501 -009.1 096.40
02.39 1501 -009.1 096.48
02.39 1501 -009.1 096.57
02.39 1501 -009.1 096.65
02.39 1501 -009.1 096.73
02.315 1501 -009.2 096.82
02.315 1501 -009.2 096.90
02.315 1501 -009.2 096.98
02.315 1501 -009.2 097.07
02.315 1501 -009.2 097.15
02.315 1501 -009.2 097.23
02.315 1501 -009.2 097.32
02.297 1501 -009.1 097.40
02.297 1501 -009.1 097.48
02.297 1501 -009.1 097.58
02.297 1501 -009.1 097.66
02.297 1501 -009.1 097.74
02.297 1501 -009.1 097.82
02.297 1501 -009.1 097.90
02.404 1482 -009.3 098.00
02.404 1482 -009.3 098.08
02.404 1482 -009.3 098.17
02.404 1482 -009.3 098.25
02.404 1482 -009.3 098.35
02.404 1482 -009.3 098.43
02.404 1482 -009.3 098.53
02.318 1482 -009.4 098.61
02.318 1482 -009.4 098.70
02.318 1482 -009.4 098.80
02.318 1482 -009.4 098.88
02.318 1482 -009.4 098.98
02.318 1482 -009.4 099.06
02.318 1482 -009.4 099.15
02.402 1482 -009.4 099.23
02.402 1482 -009.4 099.31
02.402 1482 -009.4 099.39
02.402 1482 -009.4 099.46
02.402 1482 -009.4 099.55
02.402 1482 -009.4 099.63
02.402 1482 -009.4 099.71
02.378 1482 -009.4 099.80
02.378 1482 -009.4 099.88
02.378 1482 -009.4 099.96
02.378 1482 -009.4 100.04
02.378 1482 -009.4 100.13
02.378 1482 -009.4 100.21
02.378 1482 -009.4 100.29
02.378 1482 -009.4 100.37
02.317 1482 -009.3 100.46
02.317 1482 -009.3 100.54
02.317 1482 -009.3 100.62
02.317 1482 -009.3 100.70
02.317 1482 -009.3 100.79
02.317 1482 -009.3 100.89
02.317 1482 -009.3 100.98
02.373 1482 -009.3 101.06
02.373 1482 -009.3 101.14
02.373 1482 -009.3 101.22
02.373 1482 -009.3 101.30
02.373 1482 -009.3 101.39
02.373 1482 -009.3 101.48
02.373 1482 -009.3 101.56
02.308 1501 -009.7 101.65
02.308 1501 -009.7 101.73
02.308 1501 -009.7 101.81
02.308 1501 -009.7 101.89
02.308 1501 -009.7 101.97
02.308 1501 -009.7 102.06
02.308 1501 -009.7 102.14
02.343 1482 -009.6 102.23
02.343 1482 -009.6 102.32
02.343 1482 -009.6 102.40
02.343 1482 -009.6 102.48
02.343 1482 -009.6 102.56
02.343 1482 -009.6 102.64
02.343 1482 -009.6 102.73
02.496 1482 -009.5 102.82
02.496 1482 -009.5 102.90
02.496 1482 -009.5 102.99
02.496 1482 -009.5 103.07
02.496 1482 -009.5 103.15
02.496 1482 -009.5 103.24
02.496 1482 -009.5 103.32
02.508 1463 -009.6 103.42
02.508 1463 -009.6 103.50
02.508 1463 -009.6 103.59
02.508 1463 -009.6 103.67
02.508 1463 -009.6 103.75
02.508 1463 -009.6 103.84
02.508 1463 -009.6 103.92
02.508 1463 -009.6 104.00
02.77 1482 -009.8 104.09
02.77 1482 -009.8 104.17
02.77 1482 -009.8 104.25
02.77 1482 -009.8 104.33
02.77 1482 -009.8 104.41
02.77 1482 -009.8 104.51
02.77 1482 -009.8 104.59
02.679 1463 -009.7 104.68
02.679 1463 -009.7 104.77
02.679 1463 -009.7 104.85
02.679 1463 -009.7 104.93
02.679 1463 -009.7 105.03
02.679 1463 -009.7 105.11
02.679 1463 -009.7 105.19
02.692 1463 -009.9 105.27
02.692 1463 -009.9 105.35
02.692 1463 -009.9 105.44
02.692 1463 -009.9 105.54
02.692 1463 -009.9 105.63
02.692 1463 -009.9 105.71
02.692 1463 -009.9 105.79
02.67 1463 -009.8 105.87
02.67 1463 -009.8 105.97
02.67 1463 -009.8 106.05
02.67 1463 -009.8 106.13
02.67 1463 -009.8 106.22
02.67 1463 -009.8 106.30
02.67 1463 -009.8 106.38
02.733 1463 -009.9 106.48
02.733 1463 -009.9 106.58
02.733 1463 -009.9 106.66
02.733 1463 -009.9 106.74
02.733 1463 -009.9 106.82
02.733 1463 -009.9 106.90
02.733 1463 -009.9 106.99
02.748 1463 -010.1 107.08
02.748 1463 -010.1 107.16
02.748 1463 -010.1 107.26
02.748 1463 -010.1 107.34
02.748 1463 -010.1 107.43
02.748 1463 -010.1 107.51
02.748 1463 -010.1 107.59
02.689 1463 -010.1 107.67
02.689 1463 -010.1 107.75
02.689 1463 -010.1 107.83
02.689 1463 -010.1 107.91
02.689 1463 -010.1 108.00
02.689 1463 -010.1 108.09
02.689 1463 -010.1 108.17
02.953 1463 -010.1 108.25
02.953 1463 -010.1 108.35
02.953 1463 -010.1 108.44
02.953 1463 -010.1 108.53
02.953 1463 -010.1 108.61
02.953 1463 -010.1 108.70
02.953 1463 -010.1 108.78
02.906 1463 -010.3 108.86
02.906 1463 -010.3 108.94
02.906 1463 -010.3 109.02
02.906 1463 -010.3 109.11
02.906 1463 -010.3 109.19
02.906 1463 -010.3 109.28
02.906 1463 -010.3 109.36
02.854 1463 -010.3 109.44
02.854 1463 -010.3 109.52
02.854 1463 -010.3 109.62
02.854 1463 -010.3 109.70
02.854 1463 -010.3 109.79
02.854 1463 -010.3 109.89
02.854 1463 -010.3 109.97
02.929 1463 -010.3 110.05
02.929 1463 -010.3 110.13
02.929 1463 -010.3 110.21
02.929 1463 -010.3 110.30
02.929 1463 -010.3 110.38
02.929 1463 -010.3 110.46
02.929 1463 -010.3 110.54
03.096 1444 -010.1 110.63
03.096 1444 -010.1 110.72
03.096 1444 -010.1 110.80
03.096 1444 -010.1 110.88
03.096 1444 -010.1 110.96
03.096 1444 -010.1 111.04
02.662 1444 -011.1 120.33
02.662 1444 -011.1 120.41
02.662 1444 -011.1 120.49
02.662 1444 -011.1 120.57
02.662 1444 -011.1 120.65
02.662 1444 -011.1 120.74
02.662 1444 -011.1 120.82
02.385 1444 -011.2 120.90
02.385 1444 -011.2 120.99
02.385 1444 -011.2 121.08
02.385 1444 -011.2 121.16
02.385 1444 -011.2 121.25
02.385 1444 -011.2 121.34
02.385 1444 -011.2 121.43
02.396 1482 -011.2 121.51
02.396 1482 -011.2 121.60
02.396 1482 -011.2 121.68
02.396 1482 -011.2 121.76
02.396 1482 -011.2 121.84
02.396 1482 -011.2 121.93
02.396 1482 -011.2 122.01
02.249 1482 -011.2 122.09
02.249 1482 -011.2 122.17
02.249 1482 -011.2 122.25
02.249 1482 -011.2 122.35
02.249 1482 -011.2 122.45
02.249 1482 -011.2 122.53
02.249 1482 -011.2 122.62
02.36 1482 -011.1 122.70
02.36 1482 -011.1 122.79
02.36 1482 -011.1 122.87
02.36 1482 -011.1 122.95
02.36 1482 -011.1 123.03
02.36 1482 -011.1 123.11
02.36 1482 -011.1 123.20
02.432 1482 -011.3 123.29
02.432 1482 -011.3 123.37
02.432 1482 -011.3 123.46
02.432 1482 -011.3 123.54
02.432 1482 -011.3 123.63
02.432 1482 -011.3 123.73
02.432 1482 -011.3 123.83
02.32 1482 -011.3 123.92
02.32 1482 -011.3 124.00
02.32 1482 -011.3 124.10
02.32 1482 -011.3 124.19
02.32 1482 -011.3 124.27
02.32 1482 -011.3 124.35
02.32 1482 -011.3 124.45
02.456 1482 -011.4 124.53
02.456 1482 -011.4 124.64
02.456 1482 -011.4 124.73
02.456 1482 -011.4 124.81
02.456 1482 -011.4 124.89
02.456 1482 -011.4 124.99
02.404 1482 -011.4 125.07
02.404 1482 -011.3 125.16
02.404 1482 -011.3 125.24
02.404 1482 -011.3 125.32
02.404 1482 -011.3 125.40
02.404 1482 -011.3 125.50
02.404 1482 -011.3 125.59
02.519 1482 -011.3 125.67
02.519 1482 -011.2 125.76
02.519 1482 -011.2 125.84
02.519 1482 -011.2 125.92
02.519 1482 -011.2 126.00
02.519 1482 -011.2 126.09
02.519 1482 -011.2 126.17
02.519 1482 -011.2 126.25
02.547 1501 -011.3 126.33
02.547 1501 -011.3 126.43
02.547 1501 -011.3 126.51
02.547 1501 -011.3 126.59
02.547 1501 -011.3 126.67
02.547 1501 -011.3 126.76
02.547 1501 -011.3 126.84
02.568 1482 -011.2 126.92
02.568 1482 -011.2 127.00
02.568 1482 -011.2 127.09
02.568 1482 -011.2 127.17
02.568 1482 -011.2 127.27
02.568 1482 -011.2 127.35
02.568 1482 -011.2 127.45
02.692 1463 -011.4 127.53
02.692 1463 -011.4 127.62
02.692 1463 -011.4 127.69
02.692 1463 -011.4 127.79
02.692 1463 -011.4 127.87
02.692 1463 -011.4 127.95
02.692 1463 -011.4 128.04
02.692 1463 -011.4 128.12
02.692 1463 -011.4 128.20
02.692 1463 -011.4 128.28
02.692 1463 -011.4 128.37
02.692 1463 -011.4 128.45
02.692 1463 -011.4 128.53
02.692 1463 -011.4 128.62
02.807 1482 -011.4 128.71
02.807 1482 -011.4 128.79
02.807 1482 -011.4 128.87
02.807 1482 -011.4 128.96
02.807 1482 -011.4 129.04
02.807 1482 -011.4 129.13
02.807 1482 -011.4 129.21
02.841 1482 -011.4 129.29
02.841 1463 -011.7 129.37
02.841 1463 -011.7 129.45
02.841 1463 -011.7 129.54
02.841 1463 -011.7 129.63
02.841 1463 -011.7 129.72
02.841 1463 -011.7 129.80
02.765 1463 -011.7 129.88
02.765 1463 -011.8 129.96
02.765 1463 -011.8 130.04
02.765 1463 -011.8 130.13
02.765 1463 -011.8 130.22
02.765 1463 -011.8 130.31
02.765 1463 -011.8 130.40
02.765 1463 -011.8 130.48
02.795 1444 -011.6 130.57
02.795 1444 -011.6 130.65
02.795 1444 -011.6 130.73
02.795 1444 -011.6 130.82
02.795 1444 -011.6 130.91
02.795 1444 -011.6 130.99
02.795 1444 -011.6 131.08
02.718 1463 -011.7 131.16
02.718 1463 -011.7 131.24
02.718 1463 -011.7 131.33
02.718 1463 -011.7 131.43
02.718 1463 -011.7 131.53
02.718 1463 -011.7 131.61
02.718 1463 -011.7 131.70
02.717 1463 -011.9 131.79
02.717 1463 -011.9 131.88
02.717 1463 -011.9 131.96
02.717 1463 -011.9 132.05
02.717 1463 -011.9 132.13
02.717 1463 -011.9 132.21
02.861 1463 -011.9 132.30
02.861 1463 -011.9 132.38
02.861 1463 -011.9 132.47
02.861 1463 -011.9 132.55
02.861 1463 -011.9 132.64
02.861 1463 -011.9 132.72
02.861 1463 -011.9 132.82
02.804 1463 -011.8 132.91
02.804 1463 -011.8 132.99
02.804 1463 -011.8 133.08
02.804 1463 -011.8 133.16
02.804 1463 -011.8 133.24
02.804 1463 -011.8 133.32
02.804 1463 -011.8 133.41
02.804 1463 -011.8 133.49
02.793 1482 -011.8 133.57
02.793 1482 -011.8 133.66
02.793 1482 -011.8 133.74
02.793 1482 -011.8 133.84
02.793 1482 -011.8 133.93
02.793 1482 -011.8 134.01
02.922 1444 -011.8 134.11
02.922 1444 -012.3 134.19
02.922 1444 -012.3 134.27
02.922 1444 -012.3 134.35
02.922 1444 -012.3 134.45
02.922 1444 -012.3 134.54
02.922 1444 -012.3 134.64
02.825 1463 -012.4 134.72
02.825 1463 -012.4 134.80
02.825 1463 -012.4 134.88
02.825 1463 -012.4 134.96
02.825 1463 -012.4 135.05
02.825 1463 -012.4 135.14
02.825 1463 -012.4 135.22
02.825 1463 -012.4 135.30
02.79 1463 -012.6 135.38
02.79 1463 -012.6 135.46
02.79 1463 -012.6 135.54
02.79 1463 -012.6 135.65
02.79 1463 -012.6 135.73
02.79 1463 -012.6 135.82
02.79 1463 -012.6 135.90
02.799 1501 -012.6 135.98
02.799 1501 -012.6 136.06
02.799 1501 -012.6 136.14
02.799 1501 -012.6 136.24
02.799 1501 -012.6 136.32
02.799 1501 -012.6 136.42
02.799 1501 -012.6 136.51
02.726 1482 -012.7 136.59
02.726 1482 -012.7 136.67
02.726 1482 -012.7 136.76
02.726 1482 -012.7 136.84
02.726 1482 -012.7 136.94
02.726 1482 -012.7 137.02
02.833 1482 -012.7 137.10
02.833 1463 -012.9 137.20
02.833 1463 -012.9 137.29
02.833 1463 -012.9 137.36
02.833 1463 -012.9 137.44
02.833 1463 -012.9 137.53
02.833 1463 -012.9 137.61
02.833 1463 -012.9 137.69
02.769 1463 -013.0 137.79
02.769 1463 -013.0 137.87
02.769 1463 -013.0 137.96
02.769 1463 -013.0 138.04
02.769 1463 -013.0 138.12
02.769 1463 -013.0 138.23
02.769 1463 -013.0 138.32
02.76 1482 -012.9 138.41
02.76 1482 -012.9 138.49
02.76 1482 -012.9 138.58
02.76 1482 -012.9 138.66
02.76 1482 -012.9 138.74
02.76 1482 -012.9 138.83
02.772 1482 -012.9 138.92
02.772 1482 -013.0 139.01
02.772 1482 -013.0 139.09
02.772 1482 -013.0 139.17
02.772 1482 -013.0 139.27
02.772 1482 -013.0 139.35
02.772 1482 -013.0 139.45
02.657 1463 -013.0 139.54
02.657 1463 -013.0 139.62
02.657 1463 -013.0 139.70
02.657 1463 -013.0 139.79
02.657 1463 -013.0 139.88
02.657 1463 -013.0 139.96
02.657 1463 -013.0 140.04
02.858 1463 -013.1 140.14
02.858 1463 -013.1 140.23
02.858 1463 -013.1 140.31
02.858 1463 -013.1 140.40
02.858 1463 -013.1 140.50
02.858 1463 -013.1 140.58
02.858 1463 -013.1 140.66
02.722 1463 -013.2 140.75
02.722 1463 -013.2 140.84
02.722 1463 -013.2 140.93
02.722 1463 -013.2 141.02
02.722 1463 -013.2 141.11
02.722 1463 -013.2 141.19
02.722 1463 -013.2 141.27
02.743 1520 -013.3 141.36
02.743 1520 -013.3 141.46
02.743 1520 -013.3 141.54
02.743 1520 -013.3 141.63
02.743 1520 -013.3 141.71
02.743 1520 -013.3 141.79
02.743 1520 -013.3 141.88
02.803 1463 -013.3 141.96
02.803 1463 -013.3 142.04
02.803 1463 -013.3 142.12
02.803 1463 -013.3 142.20
02.803 1463 -013.3 142.30
02.803 1463 -013.3 142.40
02.803 1463 -013.3 142.48
02.746 1463 -013.7 142.56
02.746 1463 -013.7 142.65
02.746 1463 -013.7 142.73
02.746 1463 -013.7 142.82
02.746 1463 -013.7 142.90
02.746 1463 -013.7 143.00
02.746 1463 -013.7 143.09
02.809 1463 -013.5 143.17
02.809 1463 -013.5 143.26
02.809 1463 -013.5 143.34
02.809 1463 -013.5 143.43
02.809 1463 -013.5 143.53
02.809 1463 -013.5 143.62
02.809 1463 -013.5 143.70
02.715 1463 -013.6 143.78
02.715 1463 -013.6 143.86
02.715 1463 -013.6 143.95
02.715 1463 -013.6 144.03
02.715 1463 -013.6 144.12
02.715 1463 -013.6 144.20
02.715 1463 -013.6 144.29
02.558 1501 -013.5 144.37
02.558 1501 -013.5 144.46
02.558 1501 -013.5 144.54
02.558 1501 -013.5 144.63
02.558 1501 -013.5 144.71
02.558 1501 -013.5 144.79
02.558 1501 -013.5 144.88
01.942 1539 -013.5 144.96
01.942 1539 -013.5 145.04
01.942 1539 -013.5 145.13
01.942 1539 -013.5 145.21
01.942 1539 -013.5 145.29
01.942 1539 -013.5 145.37
01.942 1539 -013.5 145.45
01.837 1539 -013.5 145.54
01.837 1501 -013.5 145.64
01.837 1501 -013.5 145.73
01.837 1501 -013.5 145.82
01.837 1501 -013.5 145.91
01.837 1501 -013.5 145.99
01.837 1501 -013.5 146.07
01.819 1520 -013.7 146.16
01.819 1520 -013.7 146.26
01.819 1520 -013.7 146.34
01.819 1520 -013.7 146.44
01.819 1520 -013.7 146.52
01.819 1520 -013.7 146.60
01.819 1520 -013.7 146.68
01.79 1539 -013.8 146.76
01.79 1539 -013.8 146.85
01.79 1539 -013.8 146.94
01.79 1539 -013.8 147.02
01.79 1539 -013.8 147.12
01.79 1539 -013.8 147.20
01.79 1539 -013.8 147.28
01.779 1501 -013.8 147.36
01.779 1501 -013.8 147.44
01.779 1501 -013.8 147.53
01.779 1501 -013.8 147.63
01.779 1501 -013.8 147.71
01.779 1501 -013.8 147.79
01.779 1501 -013.8 147.87
01.8 1520 -013.9 147.96
01.8 1520 -013.9 148.04
01.8 1520 -013.9 148.12
01.8 1520 -013.9 148.22
01.8 1520 -013.9 148.30
01.8 1520 -013.9 148.38
01.8 1520 -013.9 148.48
01.814 1501 -013.9 148.56
01.814 1501 -013.9 148.65
01.814 1501 -013.9 148.73
01.814 1501 -013.9 148.81
01.814 1501 -013.9 148.89
01.814 1501 -013.9 148.98
01.814 1501 -013.9 149.07
01.811 1520 -013.9 149.15
01.811 1520 -014.1 149.23
01.811 1520 -014.1 149.31
01.811 1520 -014.1 149.40
01.811 1520 -014.1 149.48
01.811 1520 -014.1 149.56
01.811 1520 -014.1 149.65
01.811 1520 -014.1 149.73
01.811 1520 -013.9 149.82
01.811 1520 -013.9 149.91
01.811 1520 -013.9 150.00
01.811 1520 -013.9 150.08
01.811 1520 -013.9 150.16
01.811 1520 -013.9 150.24
01.811 1520 -013.9 150.33
01.876 1539 -013.8 150.42
01.876 1539 -013.8 150.50
01.876 1539 -013.8 150.58
01.876 1539 -013.8 150.66
01.876 1539 -013.8 150.76
01.876 1539 -013.8 150.86
02.119 1539 -013.8 150.95
02.119 1520 -013.9 151.03
02.119 1520 -013.9 151.12
02.119 1520 -013.9 151.20
02.119 1520 -013.9 151.28
02.119 1520 -013.9 151.37
02.119 1520 -013.9 151.45
02.119 1520 -013.9 151.53
02.169 1501 -013.9 151.62
02.169 1501 -013.9 151.70
02.169 1501 -013.9 151.79
02.169 1501 -013.9 151.87
02.169 1501 -013.9 151.97
02.169 1501 -013.9 152.05
02.169 1501 -013.9 152.13
02.422 1482 -013.9 152.21
02.422 1482 -013.9 152.32
02.422 1482 -013.9 152.40
02.422 1482 -013.9 152.48
02.422 1482 -013.9 152.56
02.422 1482 -013.9 152.65
02.422 1482 -013.9 152.73
02.744 1482 -014.1 152.81
02.744 1482 -014.1 152.89
02.744 1482 -014.1 152.97
02.744 1482 -014.1 153.06
02.744 1482 -014.1 153.14
02.744 1482 -014.1 153.23
02.744 1482 -014.1 153.31
02.96 1463 -014.2 153.40
02.96 1463 -014.2 153.48
02.96 1463 -014.2 153.56
02.96 1463 -014.2 153.64
02.96 1463 -014.2 153.72
02.96 1463 -014.2 153.81
02.96 1463 -014.2 153.89
03.041 1463 -014.2 153.97
03.041 1482 -014.2 154.05
03.041 1482 -014.2 154.13
03.041 1482 -014.2 154.24
03.041 1482 -014.2 154.32
03.041 1482 -014.2 154.40
03.041 1482 -014.2 154.49
03.135 1444 -014.2 154.58
03.135 1444 -014.1 154.66
03.135 1444 -014.1 154.74
03.135 1444 -014.1 154.83
03.135 1444 -014.1 154.91
03.135 1444 -014.1 154.99
03.135 1444 -014.1 155.07
03.135 1444 -014.1 155.15
02.976 1444 -014.3 155.24
02.976 1444 -014.3 155.35
02.976 1444 -014.3 155.43
01.928 1520 -017.8 191.97
01.928 1520 -017.8 192.05
01.928 1520 -017.8 192.14
01.928 1520 -017.8 192.23
01.928 1520 -017.8 192.31
01.928 1520 -017.8 192.40
01.928 1520 -017.8 192.48
01.866 1501 -017.7 192.56
01.866 1501 -017.7 192.65
01.866 1501 -017.7 192.73
01.866 1501 -017.7 192.81
01.866 1501 -017.7 192.90
01.866 1501 -017.7 192.98
01.866 1501 -017.7 193.06
01.85 1501 -018.0 193.14
01.85 1501 -018.0 193.23
01.85 1501 -018.0 193.31
01.85 1501 -018.0 193.39
01.85 1501 -018.0 193.47
01.85 1501 -018.0 193.56
01.85 1501 -018.0 193.65
01.827 1520 -018.0 193.74
01.827 1520 -018.0 193.84
01.827 1520 -018.0 193.92
01.827 1520 -018.0 194.01
01.827 1520 -018.0 194.11
01.827 1520 -018.0 194.19
01.827 1520 -018.0 194.27
01.811 1520 -018.0 194.36
01.811 1520 -018.0 194.44
01.811 1520 -018.0 194.53
01.811 1520 -018.0 194.63
01.811 1520 -018.0 194.71
01.811 1520 -018.0 194.79
01.811 1520 -018.0 194.87
01.754 1520 -018.1 194.96
01.754 1520 -018.1 195.04
01.754 1520 -018.1 195.12
01.754 1520 -018.1 195.20
01.754 1520 -018.1 195.28
01.754 1520 -018.1 195.38
01.754 1520 -018.1 195.46
01.754 1520 -018.3 195.54
01.754 1520 -018.3 195.65
01.754 1520 -018.3 195.73
01.754 1520 -018.3 195.81
01.754 1520 -018.3 195.90
01.754 1520 -018.3 195.98
01.754 1520 -018.3 196.06
01.793 1501 -018.2 196.15
01.793 1501 -018.2 196.23
01.793 1501 -018.2 196.31
01.793 1501 -018.2 196.40
01.793 1501 -018.2 196.49
01.793 1501 -018.2 196.58
01.793 1501 -018.2 196.66
01.738 1539 -018.3 196.74
01.738 1539 -018.3 196.84
01.738 1539 -018.3 196.92
01.738 1539 -018.3 197.01
01.738 1539 -018.3 197.10
01.738 1539 -018.3 197.18
01.738 1539 -018.3 197.27
01.706 1520 -018.5 197.36
01.706 1520 -018.5 197.45
01.706 1520 -018.5 197.53
01.706 1520 -018.5 197.61
01.706 1520 -018.5 197.70
01.706 1520 -018.5 197.78
01.706 1520 -018.5 197.88
01.678 1520 -018.4 197.98
01.678 1520 -018.4 198.07
01.678 1520 -018.4 198.15
01.678 1520 -018.4 198.23
01.678 1520 -018.4 198.31
01.678 1520 -018.4 198.40
01.678 1520 -018.4 198.48
01.683 1520 -018.5 198.56
01.683 1520 -018.5 198.65
01.683 1520 -018.5 198.73
01.683 1520 -018.5 198.81
01.683 1520 -018.5 198.89
01.683 1520 -018.5 198.98
01.683 1520 -018.5 199.06
01.656 1520 -018.6 199.14
01.656 1520 -018.6 199.24
01.656 1520 -018.6 199.34
01.656 1520 -018.6 199.43
01.656 1520 -018.6 199.52
01.656 1520 -018.6 199.60
01.656 1520 -018.6 199.69
01.654 1501 -018.6 199.77
01.654 1501 -018.6 199.86
01.654 1501 -018.6 199.95
01.654 1501 -018.6 200.03
01.654 1501 -018.6 200.14
01.654 1501 -018.6 200.22
01.654 1501 -018.6 200.30
01.55 1558 -018.7 200.38
01.55 1558 -018.7 200.48
01.55 1558 -018.7 200.56
01.55 1558 -018.7 200.64
01.55 1558 -018.7 200.73
01.55 1558 -018.7 200.81
01.55 1558 -018.7 200.90
01.56 1520 -018.8 200.99
01.56 1520 -018.8 201.07
01.56 1520 -018.8 201.15
01.56 1520 -018.8 201.25
01.56 1520 -018.8 201.33
01.56 1520 -018.8 201.43
01.539 1520 -018.8 201.53
01.539 1520 -018.7 201.62
01.539 1520 -018.7 201.71
01.539 1520 -018.7 201.80
01.539 1520 -018.7 201.88
01.539 1520 -018.7 201.97
01.539 1520 -018.7 202.05
01.518 1520 -018.7 202.13
01.518 1520 -018.6 202.21
01.518 1520 -018.6 202.29
01.518 1520 -018.6 202.39
01.518 1520 -018.6 202.48
01.518 1520 -018.6 202.56
01.518 1520 -018.6 202.64
01.531 1520 -018.6 202.74
01.531 1520 -019.0 202.82
01.531 1520 -019.0 202.90
01.531 1520 -019.0 202.98
01.531 1520 -019.0 203.06
01.531 1520 -019.0 203.15
01.531 1520 -019.0 203.24
01.529 1520 -019.0 203.32
01.529 1520 -018.6 203.42
01.529 1520 -018.6 203.50
01.529 1520 -018.6 203.58
01.529 1520 -018.6 203.66
01.529 1520 -018.6 203.75
01.529 1520 -018.6 203.83
01.529 1520 -018.6 203.91
01.466 1520 -018.8 203.99
01.466 1520 -018.8 204.10
01.466 1520 -018.8 204.18
01.466 1520 -018.8 204.27
01.466 1520 -018.8 204.36
01.466 1520 -018.8 204.46
01.479 1520 -018.8 204.54
01.479 1520 -018.8 204.63
01.479 1520 -018.8 204.71
01.479 1520 -018.8 204.79
01.479 1520 -018.8 204.88
01.479 1520 -018.8 204.96
01.479 1520 -018.8 205.06
01.401 1539 -018.7 205.14
01.401 1539 -018.7 205.23
01.401 1539 -018.7 205.31
01.401 1539 -018.7 205.40
01.401 1539 -018.7 205.48
01.401 1539 -018.7 205.58
01.401 1539 -018.7 205.66
01.414 1558 -018.7 205.75
01.414 1558 -019.1 205.83
01.414 1558 -019.1 205.91
01.414 1558 -019.1 205.99
01.414 1558 -019.1 206.09
01.414 1558 -019.1 206.17
01.414 1558 -019.1 206.26
01.398 1558 -019.1 206.34
01.398 1520 -018.9 206.44
01.398 1520 -018.9 206.54
01.398 1520 -018.9 206.63
01.398 1520 -018.9 206.73
01.398 1520 -018.9 206.81
01.398 1520 -018.9 206.90
01.371 1520 -019.0 206.99
01.371 1520 -019.0 207.07
01.371 1520 -019.0 207.15
01.371 1520 -019.0 207.23
01.371 1520 -019.0 207.32
01.371 1520 -019.0 207.40
01.371 1520 -019.0 207.48
01.345 1539 -019.1 207.56
01.345 1539 -019.1 207.64
01.345 1539 -019.1 207.74
01.345 1539 -019.1 207.83
01.345 1539 -019.1 207.91
01.345 1539 -019.1 208.00
01.345 1539 -019.1 208.08
01.312 1539 -018.9 208.16
01.312 1539 -018.9 208.25
01.312 1539 -018.9 208.33
01.312 1539 -018.9 208.41
01.312 1539 -018.9 208.49
01.312 1539 -018.9 208.57
01.312 1539 -018.9 208.66
01.324 1539 -018.9 208.74
01.324 1577 -019.1 208.83
01.324 1577 -019.1 208.93
01.324 1577 -019.1 209.02
01.324 1577 -019.1 209.10
01.324 1577 -019.1 209.18
01.324 1577 -019.1 209.26
01.324 1577 -019.1 209.35
01.273 1558 -019.2 209.43
01.273 1558 -019.2 209.52
01.273 1558 -019.2 209.60
01.273 1558 -019.2 209.68
01.273 1558 -019.2 209.77
01.273 1558 -019.2 209.85
01.273 1558 -019.2 209.93
01.27 1577 -019.3 210.01
01.27 1577 -019.3 210.10
01.27 1577 -019.3 210.18
01.27 1577 -019.3 210.28
01.27 1577 -019.3 210.36
01.27 1577 -019.3 210.46
01.293 1577 -019.3 210.55
01.293 1539 -018.9 210.63
01.293 1539 -018.9 210.73
01.293 1539 -018.9 210.82
01.293 1539 -018.9 210.90
01.293 1539 -018.9 210.98
01.293 1539 -018.9 211.06
01.244 1558 -018.9 211.15
01.244 1558 -019.1 211.24
01.244 1558 -019.1 211.32
01.244 1558 -019.1 211.40
01.244 1558 -019.1 211.49
01.244 1558 -019.1 211.57
01.244 1558 -019.1 211.65
01.244 1558 -019.1 211.74
01.251 1539 -019.2 211.84
01.251 1539 -019.2 211.92
01.251 1539 -019.2 212.02
01.251 1539 -019.2 212.11
01.251 1539 -019.2 212.19
01.251 1539 -019.2 212.27
01.251 1539 -019.2 212.36
01.251 1539 -019.3 212.45
01.251 1539 -019.3 212.53
01.251 1539 -019.3 212.62
01.251 1539 -019.3 212.70
01.251 1539 -019.3 212.80
01.251 1539 -019.3 212.88
01.264 1539 -019.3 212.96
01.264 1520 -019.4 213.05
01.264 1520 -019.4 213.13
01.264 1520 -019.4 213.21
01.264 1520 -019.4 213.30
01.264 1520 -019.4 213.39
01.264 1520 -019.4 213.47
01.264 1520 -019.4 213.55
01.217 1558 -019.4 213.63
01.217 1558 -019.4 213.72
01.217 1558 -019.4 213.81
01.217 1558 -019.4 213.89
01.217 1558 -019.4 213.98
01.217 1558 -019.4 214.06
01.217 1558 -019.4 214.14
01.176 1539 -019.5 214.23
01.176 1539 -019.5 214.31
01.176 1539 -019.5 214.39
01.176 1539 -019.5 214.48
01.176 1539 -019.5 214.56
01.176 1539 -019.5 214.65
01.176 1539 -019.5 214.73
01.168 1539 -019.5 214.81
01.168 1539 -019.5 214.90
01.168 1539 -019.5 214.98
01.168 1539 -019.5 215.06
01.168 1539 -019.5 215.14
01.168 1539 -019.5 215.23
01.168 1539 -019.5 215.31
01.157 1520 -019.5 215.39
01.157 1520 -019.5 215.49
01.157 1520 -019.5 215.57
01.157 1520 -019.5 215.65
01.157 1520 -019.5 215.74
01.157 1520 -019.5 215.82
01.157 1520 -019.5 215.91
01.137 1539 -019.8 216.00
01.137 1539 -019.8 216.07
01.137 1539 -019.8 216.16
01.137 1539 -019.8 216.24
01.137 1539 -019.8 216.34
01.137 1539 -019.8 216.44
01.137 1539 -019.8 216.52
01.204 1558 -019.9 216.60
01.204 1558 -019.9 216.69
01.204 1558 -019.9 216.77
01.204 1558 -019.9 216.85
01.204 1558 -019.9 216.93
01.204 1558 -019.9 217.01
01.204 1558 -019.9 217.12
01.181 1539 -019.8 217.21
01.181 1539 -019.8 217.29
01.181 1539 -019.8 217.37
01.181 1539 -019.8 217.45
01.181 1539 -019.8 217.53
01.181 1539 -019.8 217.62
01.181 1539 -019.8 217.72
01.204 1539 -019.8 217.80
01.204 1539 -019.8 217.89
01.204 1539 -019.8 217.97
01.204 1539 -019.8 218.05
01.204 1539 -019.8 218.13
01.204 1539 -019.8 218.23
01.204 1539 -019.8 218.33
01.113 1539 -019.8 218.42
01.113 1539 -019.8 218.50
01.113 1539 -019.8 218.59
01.113 1539 -019.8 218.67
01.113 1539 -019.8 218.77
01.113 1539 -019.8 218.85
01.113 1539 -019.8 218.93
01.098 1558 -019.9 219.02
01.098 1558 -019.9 219.10
01.098 1558 -019.9 219.18
01.098 1558 -019.9 219.28
01.098 1558 -019.9 219.36
01.098 1558 -019.9 219.45
01.098 1558 -019.9 219.53
01.047 1596 -019.8 219.62
01.047 1596 -019.8 219.71
01.047 1596 -019.8 219.79
01.047 1596 -019.8 219.87
01.047 1596 -019.8 219.97
01.047 1596 -019.8 220.05
01.047 1596 -019.8 220.14
01.077 1539 -019.7 220.23
01.077 1539 -019.7 220.32
01.077 1539 -019.7 220.42
01.077 1539 -019.7 220.51
01.077 1539 -019.7 220.59
01.077 1539 -019.7 220.67
01.077 1539 -019.7 220.76
01.095 1539 -020.1 220.84
01.095 1539 -020.1 220.92
01.095 1539 -020.1 221.00
01.095 1539 -020.1 221.08
01.095 1539 -020.1 221.16
01.095 1539 -020.1 221.25
01.095 1539 -020.1 221.33
01.128 1558 -020.1 221.41
01.128 1558 -020.1 221.49
01.128 1558 -020.1 221.58
01.128 1558 -020.1 221.66
01.128 1558 -020.1 221.74
01.128 1558 -020.1 221.83
01.128 1558 -020.1 221.91
01.194 1539 -020.2 222.00
01.194 1539 -020.2 222.09
01.194 1539 -020.2 222.18
01.194 1539 -020.2 222.26
01.194 1539 -020.2 222.34
01.194 1539 -020.2 222.43
01.194 1539 -020.2 222.51
01.105 1539 -020.2 222.60
01.105 1539 -020.1 222.68
01.105 1539 -020.1 222.76
01.105 1539 -020.1 222.85
01.105 1539 -020.1 222.93
01.105 1539 -020.1 223.01
01.105 1539 -020.1 223.10
01.105 1539 -020.1 223.18
01.048 1539 -020.4 223.26
01.048 1539 -020.4 223.35
01.048 1539 -020.4 223.45
01.048 1539 -020.4 223.53
01.048 1539 -020.4 223.63
01.048 1539 -020.4 223.72
01.047 1558 -020.4 223.80
01.047 1558 -020.3 223.90
01.047 1558 -020.3 223.98
01.047 1558 -020.3 224.06
01.047 1558 -020.3 224.15
01.047 1558 -020.3 224.23
01.047 1558 -020.3 224.32
01 1539 -020.3 224.40
01 1539 -020.1 224.48
01 1539 -020.1 224.56
01 1539 -020.1 224.65
01 1539 -020.1 224.73
01 1539 -020.1 224.83
01 1539 -020.1 224.91
01.004 1558 -020.1 225.00
01.004 1558 -020.4 225.08
01.004 1558 -020.4 225.16
01.004 1558 -020.4 225.25
01.004 1558 -020.4 225.33
01.004 1558 -020.4 225.41
01.004 1558 -020.4 225.49
01.004 1558 -020.4 225.58
01.079 1539 -020.3 225.66
01.079 1539 -020.3 225.76
01.079 1539 -020.3 225.84
01.079 1539 -020.3 225.93
01.079 1539 -020.3 226.03
01.079 1539 -020.3 226.12
01.029 1539 -020.3 226.20
01.029 1539 -020.5 226.28
01.029 1539 -020.5 226.36
01.029 1539 -020.5 226.45
01.029 1539 -020.5 226.53
01.029 1539 -020.5 226.61
01.029 1539 -020.5 226.70
01.029 1539 -020.5 226.78
01.053 1539 -020.5 226.86
01.053 1539 -020.5 226.95
01.053 1539 -020.5 227.04
01.053 1539 -020.5 227.13
01.053 1539 -020.5 227.23
01.053 1539 -020.5 227.31
01.053 1539 -020.5 227.40
01.055 1539 -020.5 227.48
01.055 1539 -020.5 227.56
01.055 1539 -020.5 227.65
01.055 1539 -020.5 227.73
01.055 1539 -020.5 227.82
01.055 1539 -020.5 227.90
01.055 1539 -020.5 227.98
01.011 1558 -020.5 228.06
01.011 1558 -020.5 228.16
01.011 1558 -020.5 228.24
01.011 1558 -020.5 228.33
01.011 1558 -020.5 228.41
01.011 1558 -020.5 228.49
01.011 1558 -020.5 228.59
01.069 1558 -020.7 228.67
01.069 1558 -020.7 228.75
01.069 1558 -020.7 228.85
01.069 1558 -020.7 228.93
01.069 1558 -020.7 229.02
01.069 1558 -020.7 229.10
01.069 1558 -020.7 229.20
01.024 1539 -020.6 229.28
01.024 1539 -020.6 229.36
01.024 1539 -020.6 229.44
01.024 1539 -020.6 229.53
01.024 1539 -020.6 229.62
01.024 1539 -020.6 229.70
01.024 1539 -020.6 229.78
01.004 1539 -020.9 229.87
01.004 1539 -020.9 229.95
01.004 1539 -020.9 230.03
01.004 1539 -020.9 230.12
01.004 1539 -020.9 230.21
01.004 1539 -020.9 230.29
01.004 1539 -020.9 230.37
01.103 1558 -021.0 230.46
01.103 1558 -021.0 230.55
01.103 1558 -021.0 230.64
01.103 1558 -021.0 230.72
01.103 1558 -021.0 230.80
01.103 1558 -021.0 230.89
01.103 1558 -021.0 230.97
01.118 1539 -021.2 231.05
01.118 1539 -021.2 231.13
01.118 1539 -021.2 231.21
01.118 1539 -021.2 231.29
01.118 1539 -021.2 231.38
01.118 1539 -021.2 231.46
01.118 1539 -021.2 231.54
01.035 1558 -021.2 231.63
01.035 1558 -020.9 231.72
01.035 1558 -020.9 231.80
01.035 1558 -020.9 231.91
01.035 1558 -020.9 231.99
01.035 1558 -020.9 232.07
01.035 1558 -020.9 232.16
01.014 1539 -021.0 232.24
01.014 1539 -021.0 232.33
01.014 1539 -021.0 232.41
01.014 1539 -021.0 232.50
01.014 1539 -021.0 232.58
01.014 1539 -021.0 232.67
01.014 1539 -021.0 232.75
01.042 1558 -021.2 232.83
01.042 1558 -021.2 232.91
01.042 1558 -021.2 232.99
01.042 1558 -021.2 233.08
01.042 1558 -021.2 233.16
01.042 1558 -021.2 233.24
01.042 1558 -021.2 233.33
01.042 1558 -021.2 233.41
00.956 1539 -021.3 233.49
00.956 1539 -021.3 233.57
00.956 1539 -021.3 233.66
00.956 1539 -021.3 233.75
00.956 1539 -021.3 233.83
00.956 1539 -021.3 233.92
00.956 1539 -021.3 234.00
00.94 1577 -021.3 234.08
00.94 1577 -021.3 234.16
00.94 1577 -021.3 234.25
00.94 1577 -021.3 234.33
00.94 1577 -021.3 234.41
00.94 1577 -021.3 234.49
00.94 1577 -021.3 234.57
00.964 1539 -021.4 234.66
00.964 1539 -021.4 234.74
00.964 1539 -021.4 234.83
00.964 1539 -021.4 234.93
00.964 1539 -021.4 235.02
00.964 1539 -021.4 235.11
00.964 1539 -021.4 235.19
00.993 1558 -021.2 235.27
00.993 1558 -021.2 235.35
00.993 1558 -021.2 235.44
00.993 1558 -021.2 235.52
00.993 1558 -021.2 235.60
00.993 1558 -021.2 235.68
00.993 1558 -021.2 235.77
00.954 1539 -021.5 235.86
00.954 1539 -021.5 235.94
00.954 1539 -021.5 236.03
00.954 1539 -021.5 236.11
00.954 1539 -021.5 236.19
00.954 1539 -021.5 236.29
00.954 1539 -021.5 236.37
00.94 1539 -021.4 236.46
00.94 1539 -021.4 236.54
00.94 1539 -021.4 236.63
00.94 1539 -021.4 236.71
00.94 1539 -021.4 236.79
00.94 1539 -021.4 236.87
00.94 1539 -021.4 236.96
00.901 1577 -021.4 237.04
00.901 1577 -021.5 237.13
00.901 1577 -021.5 237.21
00.901 1577 -021.5 237.30
00.901 1577 -021.5 237.38
00.901 1577 -021.5 237.47
00.901 1577 -021.5 237.56
00.847 1577 -021.5 237.64
00.847 1558 -021.7 237.73
00.847 1558 -021.7 237.81
00.847 1558 -021.7 237.89
00.847 1558 -021.7 237.98
00.847 1558 -021.7 238.07
00.847 1558 -021.7 238.15
00.797 1558 -021.5 238.25
00.797 1558 -021.5 238.34
00.797 1558 -021.5 238.43
00.797 1558 -021.5 238.51
00.797 1558 -021.5 238.59
00.797 1558 -021.5 238.68
00.797 1558 -021.5 238.77
00.883 1558 -021.6 238.85
00.883 1558 -021.6 238.94
00.883 1558 -021.6 239.04
00.883 1558 -021.6 239.12
00.883 1558 -021.6 239.21
00.883 1558 -021.6 239.29
00.883 1558 -021.6 239.37
00.881 1558 -021.6 239.46
00.881 1558 -021.6 239.54
00.881 1558 -021.6 239.63
00.881 1558 -021.6 239.72
00.881 1558 -021.6 239.80
00.881 1558 -021.6 239.88
00.881 1558 -021.6 239.96
00.828 1558 -021.6 240.05
00.828 1558 -021.7 240.13
00.828 1558 -021.7 240.21
00.828 1558 -021.7 240.30
00.828 1558 -021.7 240.40
00.828 1558 -021.7 240.48
00.828 1558 -021.7 240.57
00.807 1558 -021.7 240.65
00.807 1558 -021.8 240.74
00.807 1558 -021.8 240.82
00.807 1558 -021.8 240.92
00.807 1558 -021.8 241.00
00.807 1558 -021.8 241.08
00.807 1558 -021.8 241.17
00.76 1577 -021.8 241.25
00.76 1577 -021.9 241.33
00.76 1577 -021.9 241.43
00.76 1577 -021.9 241.52
00.76 1577 -021.9 241.60
00.76 1577 -021.9 241.68
00.76 1577 -021.9 241.76
00.76 1577 -021.9 241.85
00.799 1596 -022.2 241.93
00.799 1596 -022.2 242.01
00.799 1596 -022.2 242.09
00.799 1596 -022.2 242.17
00.799 1596 -022.2 242.26
00.799 1596 -022.2 242.34
00.799 1596 -022.2 242.42
00.766 1558 -022.0 242.50
00.766 1558 -022.0 242.60
00.766 1558 -022.0 242.68
00.766 1558 -022.0 242.76
00.766 1558 -022.0 242.87
00.766 1558 -022.0 242.95
00.766 1558 -022.0 243.03
00.768 1558 -021.9 243.11
00.768 1558 -021.9 243.21
00.768 1558 -021.9 243.29
00.768 1558 -021.9 243.37
00.768 1558 -021.9 243.45
00.768 1558 -021.9 243.54
00.768 1558 -021.9 243.62
00.718 1596 -022.0 243.70
00.718 1596 -022.0 243.78
00.718 1596 -022.0 243.87
00.718 1596 -022.0 243.96
00.718 1596 -022.0 244.05
00.718 1596 -022.0 244.13
00.718 1596 -022.0 244.21
00.755 1558 -022.1 244.30
00.755 1558 -022.1 244.38
00.755 1558 -022.1 244.46
00.755 1558 -022.1 244.55
00.755 1558 -022.1 244.63
00.755 1558 -022.1 244.71
00.755 1558 -022.1 244.79
00.719 1577 -022.1 244.88
00.719 1577 -022.1 244.97
00.719 1577 -022.1 245.06
00.719 1577 -022.1 245.14
00.719 1577 -022.1 245.22
00.719 1577 -022.1 245.30
00.719 1577 -022.1 245.39
00.75 1596 -022.1 245.48
00.75 1596 -022.1 245.57
00.75 1596 -022.1 245.65
00.75 1596 -022.1 245.73
00.75 1596 -022.1 245.82
00.75 1596 -022.1 245.90
00.75 1596 -022.1 245.98
00.75 1596 -022.1 246.06
00.74 1577 -022.1 246.14
00.74 1577 -022.1 246.23
00.74 1577 -022.1 246.32
00.74 1577 -022.1 246.40
00.74 1577 -022.1 246.50
00.74 1577 -022.1 246.58
00.787 1577 -022.1 246.67
00.787 1577 -022.4 246.75
00.787 1577 -022.4 246.83
00.787 1577 -022.4 246.91
00.787 1577 -022.4 247.00
00.787 1577 -022.4 247.08
00.787 1577 -022.4 247.17
00.787 1577 -022.4 247.25
00.752 1577 -022.3 247.33
00.752 1577 -022.3 247.41
00.752 1577 -022.3 247.50
00.752 1577 -022.3 247.59
00.752 1577 -022.3 247.67
00.752 1577 -022.3 247.76
00.752 1577 -022.3 247.84
00.76 1577 -022.3 247.93
00.76 1577 -022.3 248.01
00.76 1577 -022.3 248.09
00.76 1577 -022.3 248.17
00.76 1577 -022.3 248.27
00.76 1577 -022.3 248.35
00.76 1577 -022.3 248.43
00.735 1596 -022.5 248.52
00.735 1596 -022.5 248.60
00.735 1596 -022.5 248.69
00.735 1596 -022.5 248.77
00.735 1596 -022.5 248.86
00.735 1596 -022.5 248.94
00.735 1596 -022.5 249.04
00.786 1558 -022.5 249.12
00.786 1558 -022.5 249.21
00.786 1558 -022.5 249.32
00.786 1558 -022.5 249.41
00.786 1558 -022.5 249.49
00.786 1558 -022.5 249.58
00.786 1558 -022.5 249.66
00.732 1596 -022.4 249.76
00.732 1596 -022.4 249.86
00.732 1596 -022.4 249.94
00.732 1596 -022.4 250.02
00.732 1596 -022.4 250.12
00.732 1596 -022.4 250.20
00.734 1577 -022.4 250.30
00.734 1577 -022.4 250.38
00.734 1577 -022.4 250.46
00.734 1577 -022.4 250.55
00.734 1577 -022.4 250.63
00.734 1577 -022.4 250.72
00.734 1577 -022.4 250.80
00.734 1577 -022.4 250.88
00.723 1558 -022.7 250.96
00.723 1558 -022.7 251.05
00.723 1558 -022.7 251.14
00.723 1558 -022.7 251.23
00.723 1558 -022.7 251.32
00.723 1558 -022.7 251.40
00.748 1577 -022.7 251.49
00.748 1577 -022.8 251.57
00.748 1577 -022.8 251.66
00.748 1577 -022.8 251.74
00.748 1577 -022.8 251.84
00.748 1577 -022.8 251.93
00.748 1577 -022.8 252.02
00.776 1558 -023.0 252.11
00.776 1558 -023.0 252.20
00.776 1558 -023.0 252.28
00.776 1558 -023.0 252.36
00.776 1558 -023.0 252.44
00.776 1558 -023.0 252.53
00.776 1558 -023.0 252.61

