01.139 2394 -000.1 000.02
01.139 2394 -000.1 000.12
01.139 2394 -000.1 000.20
01.139 2394 -000.1 000.28
01.129 2413 -000.0 000.37
01.129 2413 -000.0 000.45
01.129 2413 -000.0 000.53
01.129 2413 -000.0 000.61
01.129 2413 -000.0 000.70
01.129 2413 -000.0 000.78
01.129 2413 -000.0 000.86
01.087 2413 -000.3 000.95
01.087 2413 -000.3 001.05
01.087 2413 -000.3 001.14
01.087 2413 -000.3 001.23
01.087 2413 -000.3 001.31
01.087 2413 -000.3 001.40
01.087 2413 -000.3 001.48
01.087 2394 -000.1 001.58
01.087 2394 -000.1 001.66
01.087 2394 -000.1 001.75
01.087 2394 -000.1 001.84
01.087 2394 -000.1 001.92
01.087 2394 -000.1 002.00
01.087 2394 -000.1 002.09
01.158 2394 -000.1 002.17
01.158 2394 -000.1 002.25
01.158 2394 -000.1 002.33
01.158 2394 -000.1 002.42
01.158 2394 -000.1 002.50
01.158 2394 -000.1 002.59
01.158 2394 -000.1 002.67
01.236 2413 -000.1 002.76
01.236 2413 -000.4 002.84
01.236 2413 -000.4 002.93
01.236 2413 -000.4 003.01
01.236 2413 -000.4 003.10
01.236 2413 -000.4 003.18
01.236 2413 -000.4 003.28
01.131 2413 -000.6 003.38
01.131 2413 -000.6 003.46
01.131 2413 -000.6 003.54
01.131 2413 -000.6 003.62
01.131 2413 -000.6 003.70
01.131 2413 -000.6 003.79
01.131 2413 -000.6 003.87
01.147 2394 -000.3 003.97
01.147 2394 -000.3 004.05
01.147 2394 -000.3 004.14
01.147 2394 -000.3 004.23
01.147 2394 -000.3 004.32
01.147 2394 -000.3 004.42
01.147 2394 -000.3 004.50
01.092 2394 -000.4 004.58
01.092 2394 -000.4 004.67
01.092 2394 -000.4 004.75
01.092 2394 -000.4 004.83
01.092 2394 -000.4 004.91
01.092 2394 -000.4 005.01
01.092 2394 -000.4 005.10
01.136 2413 -000.6 005.18
01.136 2413 -000.6 005.29
01.136 2413 -000.6 005.37
01.136 2413 -000.6 005.45
01.136 2413 -000.6 005.54
01.136 2413 -000.6 005.62
01.136 2413 -000.6 005.70
01.149 2413 -000.4 005.79
01.149 2413 -000.4 005.87
01.149 2413 -000.4 005.95
01.149 2413 -000.4 006.04
01.149 2413 -000.4 006.12
01.149 2413 -000.4 006.20
01.149 2413 -000.4 006.29
01.158 2394 -000.6 006.37
01.158 2394 -000.6 006.45
01.158 2394 -000.6 006.55
01.158 2394 -000.6 006.64
01.158 2394 -000.6 006.72
01.158 2394 -000.6 006.80
01.158 2394 -000.6 006.89
01.166 2413 -000.7 006.97
01.166 2413 -000.7 007.05
01.166 2413 -000.7 007.14
01.166 2413 -000.7 007.22
01.166 2413 -000.7 007.30
01.166 2413 -000.7 007.38
01.166 2413 -000.7 007.46
01.126 2413 -000.7 007.55
01.126 2413 -001.1 007.64
01.126 2413 -001.1 007.73
01.126 2413 -001.1 007.82
01.126 2413 -001.1 007.90
01.126 2413 -001.1 007.99
01.126 2413 -001.1 008.07
01.126 2413 -001.1 008.16
01.126 2375 -000.9 008.24
01.126 2375 -000.9 008.34
01.126 2375 -000.9 008.44
01.126 2375 -000.9 008.52
01.126 2375 -000.9 008.62
01.126 2375 -000.9 008.70
01.072 2413 -001.1 008.78
01.072 2413 -001.1 008.88
01.072 2413 -001.1 008.96
01.072 2413 -001.1 009.05
01.072 2413 -001.1 009.14
01.072 2413 -001.1 009.22
01.072 2413 -001.1 009.31
01.068 2413 -001.1 009.40
01.068 2413 -001.1 009.48
01.068 2413 -001.1 009.56
01.068 2413 -001.1 009.64
01.068 2413 -001.1 009.72
01.068 2413 -001.1 009.80
01.068 2413 -001.1 009.88
01.128 2413 -001.1 009.98
01.128 2413 -001.1 010.07
01.128 2413 -001.1 010.15
01.128 2413 -001.1 010.23
01.128 2413 -001.1 010.33
01.128 2413 -001.1 010.41
01.128 2413 -001.1 010.50
01.076 2394 -001.2 010.60
01.076 2394 -001.2 010.69
01.076 2394 -001.2 010.77
01.076 2394 -001.2 010.86
01.076 2394 -001.2 010.94
01.076 2394 -001.2 011.02
01.076 2394 -001.2 011.12
01.029 2375 -001.4 011.20
01.029 2375 -001.4 011.28
01.029 2375 -001.4 011.36
01.029 2375 -001.4 011.44
01.029 2375 -001.4 011.52
01.029 2375 -001.4 011.61
01.029 2375 -001.4 011.71
01.192 2413 -001.3 011.79
01.192 2413 -001.3 011.88
01.192 2413 -001.3 011.96
01.192 2413 -001.3 012.04
01.192 2413 -001.3 012.12
01.192 2413 -001.3 012.21
01.192 2413 -001.3 012.29
01.1 2413 -001.3 012.38
01.1 2394 -001.4 012.47
01.1 2394 -001.4 012.56
01.1 2394 -001.4 012.65
01.1 2394 -001.4 012.73
01.1 2394 -001.4 012.82
01.1 2394 -001.4 012.92
01.069 2394 -001.4 013.00
01.069 2394 -001.4 013.09
01.069 2394 -001.4 013.18
01.069 2394 -001.4 013.27
01.069 2394 -001.4 013.36
01.069 2394 -001.4 013.44
01.069 2394 -001.4 013.53
01.123 2413 -001.5 013.61
01.123 2413 -001.5 013.70
01.123 2413 -001.5 013.78
01.123 2413 -001.5 013.86
01.123 2413 -001.5 013.95
01.123 2413 -001.5 014.03
01.123 2413 -001.5 014.12
01.15 2413 -001.4 014.21
01.15 2413 -001.4 014.30
01.15 2413 -001.4 014.38
01.15 2413 -001.4 014.46
01.15 2413 -001.4 014.55
01.15 2413 -001.4 014.63
01.15 2413 -001.4 014.72
00.982 2394 -001.6 014.80
00.982 2394 -001.6 014.89
00.982 2394 -001.6 014.97
00.982 2394 -001.6 015.05
00.982 2394 -001.6 015.13
00.982 2394 -001.6 015.22
00.982 2394 -001.6 015.30
01.079 2394 -001.6 015.39
01.079 2413 -001.7 015.49
01.079 2413 -001.7 015.57
01.079 2413 -001.7 015.65
01.079 2413 -001.7 015.73
01.079 2413 -001.7 015.81
01.079 2413 -001.7 015.90
01.079 2413 -001.7 015.98
01.087 2413 -001.8 016.06
01.087 2413 -001.8 016.15
01.087 2413 -001.8 016.23
01.087 2413 -001.8 016.31
01.087 2413 -001.8 016.42
01.087 2413 -001.8 016.50
00.996 2413 -001.8 016.58
00.996 2394 -001.7 016.66
00.996 2394 -001.7 016.76
00.996 2394 -001.7 016.85
00.996 2394 -001.7 016.93
00.996 2394 -001.7 017.01
00.996 2394 -001.7 017.09
00.996 2394 -001.7 017.18
01.158 2394 -001.8 017.26
01.158 2394 -001.8 017.35
01.158 2394 -001.8 017.44
01.158 2394 -001.8 017.52
01.158 2394 -001.8 017.60
01.158 2394 -001.8 017.71
01.158 2394 -001.8 017.79
01.089 2394 -001.9 017.87
01.089 2394 -001.9 017.96
01.089 2394 -001.9 018.04
01.089 2394 -001.9 018.13
01.089 2394 -001.9 018.21
01.089 2394 -001.9 018.29
01.089 2394 -001.9 018.38
01.025 2394 -001.8 018.47
01.025 2394 -001.8 018.55
01.025 2394 -001.8 018.64
01.025 2394 -001.8 018.72
01.025 2394 -001.8 018.80
01.025 2394 -001.8 018.89
01.025 2394 -001.8 018.97
01.181 2432 -001.9 019.05
01.181 2432 -001.9 019.13
01.181 2432 -001.9 019.23
01.181 2432 -001.9 019.32
01.181 2432 -001.9 019.41
01.181 2432 -001.9 019.49
01.181 2432 -001.9 019.57
01.1 2394 -002.2 019.65
01.1 2394 -002.2 019.74
01.1 2394 -002.2 019.82
01.1 2394 -002.2 019.91
01.1 2394 -002.2 020.00
01.1 2394 -002.2 020.09
01.1 2394 -002.2 020.18
00.967 2394 -002.2 020.27
00.967 2394 -002.2 020.35
00.967 2394 -002.2 020.43
00.967 2394 -002.2 020.53
00.967 2394 -002.2 020.61
00.967 2394 -002.2 020.69
00.967 2394 -002.2 020.78
01.069 2432 -002.4 020.86
01.069 2432 -002.4 020.94
01.069 2432 -002.4 021.04
01.069 2432 -002.4 021.12
01.069 2432 -002.4 021.21
01.069 2432 -002.4 021.29
01.069 2432 -002.4 021.37
01.118 2394 -002.4 021.47
01.118 2394 -002.4 021.55
01.118 2394 -002.4 021.63
01.118 2394 -002.4 021.71
01.118 2394 -002.4 021.80
01.118 2394 -002.4 021.89
01.118 2394 -002.4 021.97
01.105 2432 -002.2 022.05
01.105 2432 -002.2 022.14
01.105 2432 -002.2 022.22
01.105 2432 -002.2 022.30
01.105 2432 -002.2 022.38
01.105 2432 -002.2 022.47
01.105 2432 -002.2 022.55
01.092 2394 -002.2 022.63
01.092 2394 -002.2 022.71
01.092 2394 -002.2 022.79
01.092 2394 -002.2 022.88
01.092 2394 -002.2 022.97
01.092 2394 -002.2 023.07
01.092 2394 -002.2 023.16
01.132 2432 -002.5 023.25
01.132 2432 -002.5 023.33
01.132 2432 -002.5 023.42
01.132 2432 -002.5 023.51
01.132 2432 -002.5 023.60
01.132 2432 -002.5 023.69
01.132 2432 -002.5 023.77
01.221 2394 -002.5 023.85
01.221 2394 -002.5 023.93
01.221 2394 -002.5 024.02
01.221 2394 -002.5 024.11
01.221 2394 -002.5 024.19
01.221 2394 -002.5 024.27
01.221 2394 -002.5 024.36
01.113 2394 -002.6 024.45
01.113 2394 -002.6 024.53
01.113 2394 -002.6 024.61
01.113 2394 -002.6 024.69
01.113 2394 -002.6 024.78
01.113 2394 -002.6 024.86
01.113 2394 -002.6 024.95
01.186 2394 -002.9 025.03
01.186 2394 -002.9 025.11
01.186 2394 -002.9 025.20
01.186 2394 -002.9 025.28
01.186 2394 -002.9 025.36
01.186 2394 -002.9 025.45
01.186 2394 -002.9 025.53
01.17 2413 -002.9 025.63
01.17 2413 -002.8 025.72
01.17 2413 -002.8 025.82
01.17 2413 -002.8 025.91
01.17 2413 -002.8 025.99
01.17 2413 -002.8 026.08
01.17 2413 -002.8 026.16
01.252 2413 -002.8 026.26
01.252 2413 -002.8 026.34
01.252 2413 -002.8 026.44
01.252 2413 -002.8 026.52
01.252 2413 -002.8 026.60
01.252 2413 -002.8 026.69
01.252 2413 -002.8 026.77
01.149 2394 -002.8 026.85
01.149 2394 -002.8 026.95
01.149 2394 -002.8 027.03
01.149 2394 -002.8 027.12
01.149 2394 -002.8 027.22
01.149 2394 -002.8 027.30
01.149 2394 -002.8 027.39
01.106 2394 -003.1 027.47
01.106 2394 -003.1 027.56
01.106 2394 -003.1 027.65
01.106 2394 -003.1 027.72
01.106 2394 -003.1 027.81
01.106 2394 -003.1 027.91
01.106 2394 -003.1 027.99
01.197 2394 -003.0 028.08
01.197 2394 -003.0 028.16
01.197 2394 -003.0 028.25
01.197 2394 -003.0 028.33
01.197 2394 -003.0 028.43
01.197 2394 -003.0 028.51
01.197 2394 -003.0 028.59
01.302 2394 -003.1 028.69
01.302 2394 -003.1 028.77
01.302 2394 -003.1 028.85
01.302 2394 -003.1 028.93
01.302 2394 -003.1 029.03
01.302 2394 -003.1 029.12
01.302 2394 -003.1 029.20
01.332 2394 -003.2 029.28
01.332 2394 -003.2 029.36
01.332 2394 -003.2 029.45
01.332 2394 -003.2 029.54
01.332 2394 -003.2 029.62
01.332 2394 -003.2 029.72
01.332 2394 -003.2 029.81
01.228 2432 -003.2 029.90
01.228 2432 -003.2 029.99
01.228 2432 -003.2 030.08
01.228 2432 -003.2 030.17
01.228 2432 -003.2 030.25
01.228 2432 -003.2 030.33
01.228 2432 -003.2 030.42
01.296 2432 -003.3 030.50
01.296 2432 -003.3 030.58
01.296 2432 -003.3 030.66
01.296 2432 -003.3 030.75
01.296 2432 -003.3 030.84
01.296 2432 -003.3 030.93
01.296 2432 -003.3 031.01
01.44 2394 -003.3 031.11
01.44 2394 -003.3 031.20
01.44 2394 -003.3 031.28
01.44 2394 -003.3 031.36
01.44 2394 -003.3 031.45
01.44 2394 -003.3 031.53
01.44 2394 -003.3 031.61
01.482 2394 -003.4 031.70
01.482 2394 -003.4 031.81
01.482 2394 -003.4 031.89
01.482 2394 -003.4 031.97
01.482 2394 -003.4 032.06
01.482 2394 -003.4 032.15
01.416 2394 -003.4 032.23
01.416 2432 -003.5 032.31
01.416 2432 -003.5 032.39
01.416 2432 -003.5 032.47
01.416 2432 -003.5 032.57
01.416 2432 -003.5 032.65
01.416 2432 -003.5 032.74
01.416 2432 -003.5 032.84
01.422 2394 -003.6 032.93
01.422 2394 -003.6 033.02
01.422 2394 -003.6 033.12
01.422 2394 -003.6 033.20
01.422 2394 -003.6 033.30
01.422 2394 -003.6 033.39
01.46 2413 -003.5 033.49
01.46 2413 -003.5 033.57
01.46 2413 -003.5 033.65
01.46 2413 -003.5 033.73
01.46 2413 -003.5 033.83
01.46 2413 -003.5 033.92
01.46 2413 -003.5 034.00
01.552 2375 -003.5 034.08
01.552 2375 -003.5 034.16
01.552 2375 -003.5 034.26
01.552 2375 -003.5 034.36
01.552 2375 -003.5 034.45
01.552 2375 -003.5 034.55
01.552 2375 -003.5 034.63
01.406 2413 -003.8 034.71
01.406 2413 -003.8 034.79
01.406 2413 -003.8 034.88
01.406 2413 -003.8 034.96
01.406 2413 -003.8 035.04
01.406 2413 -003.8 035.12
01.406 2413 -003.8 035.21
01.505 2394 -003.8 035.29
01.505 2394 -003.8 035.37
01.505 2394 -003.8 035.47
01.505 2394 -003.8 035.57
01.505 2394 -003.8 035.65
01.505 2394 -003.8 035.73
01.505 2394 -003.8 035.82
01.557 2375 -003.6 035.91
01.557 2375 -003.6 036.00
01.557 2375 -003.6 036.10
01.557 2375 -003.6 036.18
01.557 2375 -003.6 036.26
01.557 2375 -003.6 036.35
01.557 2375 -003.6 036.44
01.597 2375 -004.0 036.53
01.597 2375 -004.0 036.61
01.597 2375 -004.0 036.69
01.597 2375 -004.0 036.79
01.597 2375 -004.0 036.89
01.597 2375 -004.0 036.97
01.581 2375 -004.0 037.05
01.581 2394 -004.0 037.13
01.581 2394 -004.0 037.22
01.581 2394 -004.0 037.30
01.581 2394 -004.0 037.39
01.581 2394 -004.0 037.47
01.581 2394 -004.0 037.56
01.581 2394 -004.0 037.65
01.605 2375 -003.9 037.72
01.605 2375 -003.9 037.81
01.605 2375 -003.9 037.90
01.605 2375 -003.9 037.98
01.605 2375 -003.9 038.08
01.605 2375 -003.9 038.16
01.605 2375 -003.9 038.24
01.704 2394 -004.1 038.33
01.704 2394 -004.1 038.42
01.704 2394 -004.1 038.50
01.704 2394 -004.1 038.60
01.704 2394 -004.1 038.68
01.704 2394 -004.1 038.78
01.704 2394 -004.1 038.86
01.607 2413 -004.2 038.94
01.607 2413 -004.2 039.02
01.607 2413 -004.2 039.12
01.607 2413 -004.2 039.22
01.607 2413 -004.2 039.31
01.607 2413 -004.2 039.40
01.699 2394 -004.2 039.48
01.699 2394 -004.2 039.56
01.699 2394 -004.2 039.64
01.699 2394 -004.2 039.74
01.699 2394 -004.2 039.83
01.699 2394 -004.2 039.92
01.699 2394 -004.2 040.01
01.772 2375 -004.2 040.09
01.772 2375 -004.2 040.17
01.772 2375 -004.2 040.26
01.772 2375 -004.2 040.36
01.772 2375 -004.2 040.44
01.772 2375 -004.2 040.54
01.772 2375 -004.2 040.62
01.832 2413 -004.2 040.71
01.832 2413 -004.2 040.81
01.832 2413 -004.2 040.89
01.832 2413 -004.2 040.99
01.832 2413 -004.2 041.09
01.832 2413 -004.2 041.17
01.832 2413 -004.2 041.25
01.866 2375 -004.4 041.33
01.866 2375 -004.4 041.43
01.866 2375 -004.4 041.53
01.866 2375 -004.4 041.61
01.866 2375 -004.4 041.69
01.866 2375 -004.4 041.80
01.84 2394 -004.3 041.88
01.84 2394 -004.3 041.97
01.84 2394 -004.3 042.07
01.84 2394 -004.3 042.15
01.84 2394 -004.3 042.25
01.84 2394 -004.3 042.33
01.84 2394 -004.3 042.42
01.821 2394 -004.5 042.49
01.821 2394 -004.5 042.58
01.821 2394 -004.5 042.67
01.821 2394 -004.5 042.77
01.821 2394 -004.5 042.86
01.821 2394 -004.5 042.94
01.821 2394 -004.5 043.02
01.793 2413 -004.8 043.11
01.793 2413 -004.8 043.19
01.793 2413 -004.8 043.28
01.793 2413 -004.8 043.37
01.793 2413 -004.8 043.46
01.793 2413 -004.8 043.55
01.793 2413 -004.8 043.63
01.949 2394 -004.8 043.72
01.949 2394 -004.8 043.80
01.949 2394 -004.8 043.90
01.949 2394 -004.8 043.98
01.949 2394 -004.8 044.06
01.949 2394 -004.8 044.14
01.949 2394 -004.8 044.23
01.967 2375 -004.8 044.31
01.967 2375 -004.8 044.39
01.967 2375 -004.8 044.48
01.967 2375 -004.8 044.56
01.967 2375 -004.8 044.64
01.967 2375 -004.8 044.72
01.967 2375 -004.8 044.82
01.978 2375 -004.7 044.90
01.978 2375 -004.7 045.00
01.978 2375 -004.7 045.09
01.978 2375 -004.7 045.17
01.978 2375 -004.7 045.26
01.978 2375 -004.7 045.34
01.978 2375 -004.7 045.43
02.038 2394 -004.8 045.51
02.038 2394 -004.8 045.61
02.038 2394 -004.8 045.69
02.038 2394 -004.8 045.78
02.038 2394 -004.8 045.85
02.038 2394 -004.8 045.95
02.038 2394 -004.8 046.04
01.991 2375 -005.0 046.12
01.991 2375 -005.0 046.20
01.991 2375 -005.0 046.29
01.991 2375 -005.0 046.37
01.991 2375 -005.0 046.45
01.991 2375 -005.0 046.53
01.991 2375 -005.0 046.62
02.103 2413 -004.9 046.70
02.103 2413 -004.9 046.78
02.103 2413 -004.9 046.88
02.103 2413 -004.9 046.96
02.103 2413 -004.9 047.04
02.103 2413 -004.9 047.14
02.103 2413 -004.9 047.22
02.054 2413 -004.9 047.30
02.054 2413 -005.1 047.38
02.054 2413 -005.1 047.47
02.054 2413 -005.1 047.55
02.054 2413 -005.1 047.63
02.054 2413 -005.1 047.71
02.054 2413 -005.1 047.79
02.054 2413 -005.1 047.88
02.179 2394 -005.2 047.98
02.179 2394 -005.2 048.08
02.179 2394 -005.2 048.16
02.179 2394 -005.2 048.24
02.179 2394 -005.2 048.33
02.179 2394 -005.2 048.41
02.074 2375 -005.1 048.50
02.074 2375 -005.1 048.60
02.074 2375 -005.1 048.70
02.074 2375 -005.1 048.78
02.074 2375 -005.1 048.87
02.074 2375 -005.1 048.95
02.074 2375 -005.1 049.03
02.215 2413 -005.4 049.11
02.215 2413 -005.4 049.20
02.215 2413 -005.4 049.28
02.215 2413 -005.4 049.37
02.215 2413 -005.4 049.45
02.215 2413 -005.4 049.55
02.215 2413 -005.4 049.63
02.163 2375 -005.4 049.71
02.163 2375 -005.4 049.80
02.163 2375 -005.4 049.88
02.163 2375 -005.4 049.97
02.163 2375 -005.4 050.05
02.163 2375 -005.4 050.14
02.163 2375 -005.4 050.22
02.287 2375 -005.5 050.31
02.287 2375 -005.5 050.40
02.287 2375 -005.5 050.48
02.287 2375 -005.5 050.57
02.287 2375 -005.5 050.65
02.287 2375 -005.5 050.74
02.287 2375 -005.5 050.82
02.276 2394 -005.5 050.90
02.276 2394 -005.4 050.98
02.276 2394 -005.4 051.06
02.276 2394 -005.4 051.15
02.276 2394 -005.4 051.25
02.276 2394 -005.4 051.33
02.276 2394 -005.4 051.43
02.287 2375 -005.4 051.51
02.287 2375 -005.6 051.60
02.287 2375 -005.6 051.68
02.287 2375 -005.6 051.76
02.287 2375 -005.6 051.85
02.287 2375 -005.6 051.93
02.287 2375 -005.6 052.02
02.219 2413 -005.6 052.10
02.219 2413 -005.6 052.19
02.219 2413 -005.6 052.27
02.219 2413 -005.6 052.35
02.219 2413 -005.6 052.44
02.219 2413 -005.6 052.54
02.219 2413 -005.6 052.62
02.365 2375 -005.6 052.70
02.365 2375 -005.7 052.79
02.365 2375 -005.7 052.90
02.365 2375 -005.7 052.98
02.365 2375 -005.7 053.06
02.365 2375 -005.7 053.15
02.365 2375 -005.7 053.23
02.399 2375 -005.7 053.31
02.399 2375 -005.8 053.40
02.399 2375 -005.8 053.48
02.399 2375 -005.8 053.56
02.399 2375 -005.8 053.65
02.399 2375 -005.8 053.73
02.399 2375 -005.8 053.81
02.399 2375 -005.8 053.89
02.462 2394 -005.9 053.97
02.462 2394 -005.9 054.06
02.462 2394 -005.9 054.14
02.462 2394 -005.9 054.23
02.462 2394 -005.9 054.32
02.462 2394 -005.9 054.41
02.462 2394 -005.9 054.48
02.521 2432 -005.7 054.57
02.521 2432 -005.7 054.65
02.521 2432 -005.7 054.74
02.521 2432 -005.7 054.83
02.521 2432 -005.7 054.91
02.521 2432 -005.7 055.01
02.521 2432 -005.7 055.10
02.519 2394 -006.0 055.19
02.519 2394 -006.0 055.28
02.519 2394 -006.0 055.37
02.519 2394 -006.0 055.46
02.519 2394 -006.0 055.54
02.519 2394 -006.0 055.62
02.359 2394 -006.0 055.72
02.359 2413 -006.0 055.81
02.359 2413 -006.0 055.91
02.359 2413 -006.0 055.99
02.359 2413 -006.0 056.07
02.359 2413 -006.0 056.15
02.359 2413 -006.0 056.23
02.446 2413 -006.1 056.33
02.446 2413 -006.1 056.42
02.446 2413 -006.1 056.50
02.446 2413 -006.1 056.59
02.446 2413 -006.1 056.67
02.446 2413 -006.1 056.76
02.446 2413 -006.1 056.84
02.385 2413 -006.1 056.92
02.385 2375 -006.3 057.00
02.385 2375 -006.3 057.09
02.385 2375 -006.3 057.17
02.385 2375 -006.3 057.26
02.385 2375 -006.3 057.35
02.385 2375 -006.3 057.43
02.739 2394 -006.3 057.53
02.739 2394 -006.2 057.61
02.739 2394 -006.2 057.71
02.739 2394 -006.2 057.79
02.739 2394 -006.2 057.88
02.739 2394 -006.2 057.96
02.739 2394 -006.2 058.04
02.739 2394 -006.2 058.13
02.684 2394 -006.1 058.22
02.684 2394 -006.1 058.31
02.684 2394 -006.1 058.40
02.684 2394 -006.1 058.48
02.684 2394 -006.1 058.56
02.684 2394 -006.1 058.64
02.953 2394 -006.1 058.75
02.953 2394 -006.1 058.83
02.953 2394 -006.1 058.92
02.953 2394 -006.1 059.00
02.953 2394 -006.1 059.08
02.953 2394 -006.1 059.17
02.953 2394 -006.1 059.25
03.212 2375 -006.5 059.35
03.212 2375 -006.5 059.44
03.212 2375 -006.5 059.52
03.212 2375 -006.5 059.60
03.212 2375 -006.5 059.69
03.212 2375 -006.5 059.78
03.212 2375 -006.5 059.86
03.483 2356 -006.4 059.95
03.483 2356 -006.4 060.03
03.483 2356 -006.4 060.13
03.483 2356 -006.4 060.23
03.483 2356 -006.4 060.31
03.483 2356 -006.4 060.40
03.483 2356 -006.4 060.49
03.18 2356 -006.4 060.57
03.18 2356 -006.4 060.65
03.18 2356 -006.4 060.74
03.18 2356 -006.4 060.83
03.18 2356 -006.4 060.92
03.18 2356 -006.4 061.01
03.18 2356 -006.4 061.09
03.174 2375 -006.6 061.17
03.174 2375 -006.6 061.25
03.174 2375 -006.6 061.36
03.174 2375 -006.6 061.44
03.174 2375 -006.6 061.53
03.174 2375 -006.6 061.61
03.174 2375 -006.6 061.69
03.229 2375 -006.6 061.78
03.229 2375 -006.6 061.86
03.229 2375 -006.6 061.94
03.229 2375 -006.6 062.02
03.229 2375 -006.6 062.12
03.229 2375 -006.6 062.20
03.229 2375 -006.6 062.28
02.861 2375 -006.8 062.37
02.861 2375 -006.8 062.45
02.861 2375 -006.8 062.53
02.861 2375 -006.8 062.62
02.861 2375 -006.8 062.70
02.861 2375 -006.8 062.79
02.861 2375 -006.8 062.87
03.036 2375 -007.0 062.95
03.036 2375 -007.0 063.03
03.036 2375 -007.0 063.12
03.036 2375 -007.0 063.20
03.036 2375 -007.0 063.28
03.036 2375 -007.0 063.37
03.036 2375 -007.0 063.45
02.854 2375 -007.0 063.55
02.854 2375 -007.0 063.63
02.854 2375 -007.0 063.72
02.854 2375 -007.0 063.82
02.854 2375 -007.0 063.91
02.854 2375 -007.0 064.00
02.854 2375 -007.0 064.09
02.888 2394 -007.0 064.17
02.888 2394 -007.0 064.27
02.888 2394 -007.0 064.36
02.888 2394 -007.0 064.44
02.888 2394 -007.0 064.52
02.888 2394 -007.0 064.61
02.888 2394 -007.0 064.69
02.84 2394 -007.1 064.77
02.84 2394 -007.1 064.86
02.84 2394 -007.1 064.94
02.84 2394 -007.1 065.03
02.84 2394 -007.1 065.11
02.84 2394 -007.1 065.20
02.84 2394 -007.1 065.29
02.885 2394 -007.1 065.37
02.885 2375 -007.0 065.46
02.885 2375 -007.0 065.56
02.885 2375 -007.0 065.64
02.885 2375 -007.0 065.74
02.885 2375 -007.0 065.84
02.885 2375 -007.0 065.93
02.788 2413 -007.2 066.02
02.788 2413 -007.2 066.11
02.788 2413 -007.2 066.19
02.788 2413 -007.2 066.27
02.788 2413 -007.2 066.37
02.788 2413 -007.2 066.46
02.929 2375 -007.0 066.56
02.929 2375 -007.0 066.64
02.929 2375 -007.0 066.73
02.929 2375 -007.0 066.81
02.929 2375 -007.0 066.89
02.929 2375 -007.0 066.97
02.929 2375 -007.0 067.07
02.929 2375 -007.0 067.15
02.77 2394 -007.3 067.24
02.77 2394 -007.3 067.32
02.77 2394 -007.3 067.40
02.77 2394 -007.3 067.49
02.77 2394 -007.3 067.58
02.77 2394 -007.3 067.67
02.861 2394 -007.3 067.76
02.861 2394 -007.3 067.85
02.861 2394 -007.3 067.94
02.861 2394 -007.3 068.05
02.861 2394 -007.3 068.13
02.861 2394 -007.3 068.22
02.861 2394 -007.3 068.30
02.929 2394 -007.3 068.38
02.929 2394 -007.3 068.46
02.929 2394 -007.3 068.55
02.929 2394 -007.3 068.63
02.929 2394 -007.3 068.74
02.929 2394 -007.3 068.82
02.929 2394 -007.3 068.90
02.83 2394 -007.2 068.98
02.83 2394 -007.2 069.07
02.83 2394 -007.2 069.16
02.83 2394 -007.2 069.24
02.83 2394 -007.2 069.32
02.83 2394 -007.2 069.41
02.83 2394 -007.2 069.49
02.968 2375 -007.5 069.59
02.968 2375 -007.5 069.67
02.968 2375 -007.5 069.75
02.968 2375 -007.5 069.84
02.968 2375 -007.5 069.92
02.968 2375 -007.5 070.00
02.968 2375 -007.5 070.10
02.961 2375 -007.6 070.19
02.961 2375 -007.6 070.28
02.961 2375 -007.6 070.37
02.961 2375 -007.6 070.45
02.961 2375 -007.6 070.53
02.961 2375 -007.6 070.61
02.961 2375 -007.6 070.69
03.047 2394 -007.8 070.78
03.047 2394 -007.8 070.86
03.047 2394 -007.8 070.95
03.047 2394 -007.8 071.05
03.047 2394 -007.8 071.13
03.047 2394 -007.8 071.21
03.047 2394 -007.8 071.29
02.848 2394 -007.8 071.37
02.848 2394 -008.0 071.45
02.848 2394 -008.0 071.53
02.848 2394 -008.0 071.63
02.848 2394 -008.0 071.72
02.848 2394 -008.0 071.80
02.848 2394 -008.0 071.88
02.863 2394 -008.0 071.96
02.863 2432 -007.8 072.04
02.863 2432 -007.8 072.13
02.863 2432 -007.8 072.21
02.863 2432 -007.8 072.29
02.863 2432 -007.8 072.37
02.863 2432 -007.8 072.45
02.863 2432 -007.8 072.54
03.041 2394 -008.0 072.63
03.041 2394 -008.0 072.71
03.041 2394 -008.0 072.79
03.041 2394 -008.0 072.89
03.041 2394 -008.0 072.96
03.041 2394 -008.0 073.04
03.041 2394 -008.0 073.13
02.882 2375 -008.0 073.21
02.882 2375 -008.0 073.29
02.882 2375 -008.0 073.37
02.882 2375 -008.0 073.46
02.882 2375 -008.0 073.54
02.882 2375 -008.0 073.62
02.882 2375 -008.0 073.70
03.086 2394 -008.3 073.79
03.086 2394 -008.3 073.87
03.086 2394 -008.3 073.95
03.086 2394 -008.3 074.04
03.086 2394 -008.3 074.12
03.086 2394 -008.3 074.21
03.086 2394 -008.3 074.30
02.953 2394 -008.2 074.39
02.953 2394 -008.2 074.47
02.953 2394 -008.2 074.55
02.953 2394 -008.2 074.64
02.953 2394 -008.2 074.74
02.953 2394 -008.2 074.82
02.953 2394 -008.2 074.90
03.089 2394 -008.2 074.98
03.089 2375 -008.3 075.08
03.089 2375 -008.3 075.16
03.089 2375 -008.3 075.24
03.089 2375 -008.3 075.32
03.089 2375 -008.3 075.43
03.089 2375 -008.3 075.50
02.926 2375 -008.3 075.61
02.926 2375 -008.3 075.70
02.926 2375 -008.3 075.79
02.926 2375 -008.3 075.89
02.926 2375 -008.3 075.98
02.926 2375 -008.3 076.07
02.926 2375 -008.3 076.15
03.094 2375 -008.7 076.23
03.094 2375 -008.7 076.32
03.094 2375 -008.7 076.40
03.094 2375 -008.7 076.48
03.094 2375 -008.7 076.57
03.094 2375 -008.7 076.66
03.094 2375 -008.7 076.74
02.837 2375 -008.6 076.83
02.837 2375 -008.6 076.93
02.837 2375 -008.6 077.01
02.837 2375 -008.6 077.11
02.837 2375 -008.6 077.21
02.837 2375 -008.6 077.30
03.012 2375 -008.6 077.39
03.012 2375 -008.6 077.49
03.012 2375 -008.6 077.58
03.012 2375 -008.6 077.67
03.012 2375 -008.6 077.75
03.012 2375 -008.6 077.83
03.012 2375 -008.6 077.92
02.9 2375 -008.6 078.00
02.9 2394 -008.8 078.10
02.9 2394 -008.8 078.18
02.9 2394 -008.8 078.28
02.9 2394 -008.8 078.37
02.9 2394 -008.8 078.47
02.9 2394 -008.8 078.56
03 2375 -008.7 078.64
03 2375 -008.7 078.72
03 2375 -008.7 078.81
03 2375 -008.7 078.91
03 2375 -008.7 078.99
03 2375 -008.7 079.09
03 2375 -008.7 079.18
02.874 2394 -008.7 079.26
02.874 2394 -008.7 079.35
02.874 2394 -008.7 079.44
02.874 2394 -008.7 079.54
02.874 2394 -008.7 079.62
02.874 2394 -008.7 079.72
03.005 2375 -009.0 079.82
03.005 2375 -009.0 079.91
03.005 2375 -009.0 080.00
03.005 2375 -009.0 080.09
03.005 2375 -009.0 080.17
03.005 2375 -009.0 080.27
03.005 2375 -009.0 080.35
02.833 2356 -008.9 080.43
02.833 2356 -008.9 080.53
02.833 2356 -008.9 080.61
02.833 2356 -008.9 080.70
02.833 2356 -008.9 080.80
02.833 2356 -008.9 080.89
02.833 2356 -008.9 080.99
03.002 2375 -009.1 081.08
03.002 2375 -009.1 081.16
03.002 2375 -009.1 081.24
03.002 2375 -009.1 081.33
03.002 2375 -009.1 081.43
03.002 2375 -009.1 081.52
02.869 2375 -009.1 081.61
02.869 2394 -009.4 081.71
02.869 2394 -009.4 081.79
02.869 2394 -009.4 081.87
02.869 2394 -009.4 081.95
02.869 2394 -009.4 082.03
02.869 2394 -009.4 082.12
02.919 2394 -009.4 082.20
02.919 2375 -009.3 082.29
02.919 2375 -009.3 082.37
02.919 2375 -009.3 082.46
02.919 2375 -009.3 082.54
02.919 2375 -009.3 082.62
02.919 2375 -009.3 082.72
02.919 2375 -009.3 082.80
02.817 2375 -009.2 082.88
02.817 2375 -009.2 082.99
02.817 2375 -009.2 083.07
02.817 2375 -009.2 083.15
02.817 2375 -009.2 083.23
02.817 2375 -009.2 083.31
02.817 2375 -009.2 083.39
03.002 2375 -009.4 083.48
03.002 2375 -009.4 083.56
03.002 2375 -009.4 083.64
03.002 2375 -009.4 083.73
03.002 2375 -009.4 083.81
03.002 2375 -009.4 083.90
03.002 2375 -009.4 083.99
02.83 2394 -009.6 084.07
02.83 2394 -009.6 084.15
02.83 2394 -009.6 084.24
02.83 2394 -009.6 084.32
02.83 2394 -009.6 084.40
02.83 2394 -009.6 084.48
02.83 2394 -009.6 084.57
03.029 2394 -009.5 084.65
03.029 2394 -009.5 084.73
03.029 2394 -009.5 084.81
03.029 2394 -009.5 084.89
03.029 2394 -009.5 084.98
03.029 2394 -009.5 085.06
03.029 2394 -009.5 085.14
02.83 2375 -009.5 085.22
02.83 2375 -009.8 085.31
02.83 2375 -009.8 085.39
02.83 2375 -009.8 085.47
02.83 2375 -009.8 085.55
02.83 2375 -009.8 085.64
02.83 2375 -009.8 085.72
03.083 2375 -009.8 085.82
03.083 2356 -009.6 085.90
03.083 2356 -009.6 085.98
03.083 2356 -009.6 086.06
03.083 2356 -009.6 086.15
03.083 2356 -009.6 086.23
03.083 2356 -009.6 086.31
03.083 2356 -009.6 086.39
02.858 2375 -009.8 086.49
02.858 2375 -009.8 086.58
02.858 2375 -009.8 086.66
02.858 2375 -009.8 086.75
02.858 2375 -009.8 086.83
02.858 2375 -009.8 086.92
02.858 2375 -009.8 087.01
02.986 2394 -010.6 087.10
02.986 2394 -010.6 087.18
02.986 2394 -010.6 087.26
02.986 2394 -010.6 087.34
02.986 2394 -010.6 087.43
02.986 2394 -010.6 087.51
02.986 2394 -010.6 087.60
02.814 2394 -010.5 087.68
02.814 2394 -010.5 087.76
02.814 2394 -010.5 087.84
02.814 2394 -010.5 087.93
02.814 2394 -010.5 088.01
02.814 2394 -010.5 088.09
02.814 2394 -010.5 088.17
03.046 2375 -010.5 088.26
03.046 2375 -010.5 088.34
03.046 2375 -010.5 088.42
03.046 2375 -010.5 088.50
03.046 2375 -010.5 088.58
03.046 2375 -010.5 088.67
03.046 2375 -010.5 088.75
02.901 2375 -010.5 088.84
02.901 2356 -010.7 088.92
02.901 2356 -010.7 089.00
02.901 2356 -010.7 089.10
02.901 2356 -010.7 089.19
02.901 2356 -010.7 089.28
02.901 2356 -010.7 089.36
03.05 2394 -010.7 089.45
03.05 2394 -010.7 089.53
03.05 2394 -010.7 089.61
03.05 2394 -010.7 089.70
03.05 2394 -010.7 089.78
03.05 2394 -010.7 089.86
03.05 2394 -010.7 089.94
03.05 2394 -010.7 090.03
02.846 2375 -011.1 090.11
02.846 2375 -011.1 090.20
02.846 2375 -011.1 090.28
02.846 2375 -011.1 090.37
02.846 2375 -011.1 090.46
02.846 2375 -011.1 090.54
02.846 2375 -011.1 090.62
03.05 2394 -010.6 090.70
03.05 2394 -010.6 090.79
03.05 2394 -010.6 090.87
03.05 2394 -010.6 090.95
03.05 2394 -010.6 091.03
03.05 2394 -010.6 091.11
03.05 2394 -010.6 091.20
02.893 2394 -010.7 091.28
02.893 2394 -010.7 091.36
02.893 2394 -010.7 091.44
02.893 2394 -010.7 091.53
02.893 2394 -010.7 091.61
02.893 2394 -010.7 091.70
02.893 2394 -010.7 091.79
03.107 2356 -010.4 091.87
03.107 2356 -010.4 091.95
03.107 2356 -010.4 092.03
03.107 2356 -010.4 092.12
03.107 2356 -010.4 092.20
03.107 2356 -010.4 092.29
03.107 2356 -010.4 092.37
02.871 2375 -010.4 092.45
02.871 2375 -010.6 092.53
02.871 2375 -010.6 092.62
02.871 2375 -010.6 092.70
02.871 2375 -010.6 092.79
02.871 2375 -010.6 092.87
02.871 2375 -010.6 092.96
03.052 2375 -010.6 093.04
03.052 2432 -010.4 093.13
03.052 2432 -010.4 093.21
03.052 2432 -010.4 093.29
03.052 2432 -010.4 093.38
03.052 2432 -010.4 093.47
03.052 2432 -010.4 093.55
03.052 2432 -010.4 093.63
02.866 2375 -010.6 093.71
02.866 2375 -010.6 093.80
02.866 2375 -010.6 093.88
02.866 2375 -010.6 093.96
02.866 2375 -010.6 094.05
02.866 2375 -010.6 094.14
02.866 2375 -010.6 094.24
03.101 2375 -010.8 094.32
03.101 2375 -010.8 094.40
03.101 2375 -010.8 094.48
03.101 2375 -010.8 094.57
03.101 2375 -010.8 094.65
03.101 2375 -010.8 094.73
03.101 2375 -010.8 094.81
02.931 2375 -010.7 094.90
02.931 2375 -010.7 094.98
02.931 2375 -010.7 095.08
02.931 2375 -010.7 095.16
02.931 2375 -010.7 095.25
02.931 2375 -010.7 095.33
02.931 2375 -010.7 095.42
03.059 2432 -011.1 095.51
03.059 2432 -011.1 095.60
03.059 2432 -011.1 095.69
03.059 2432 -011.1 095.78
03.059 2432 -011.1 095.86
03.059 2432 -011.1 095.94
02.89 2432 -011.1 096.04
02.89 2394 -011.1 096.12
02.89 2394 -011.1 096.21
02.89 2394 -011.1 096.29
02.89 2394 -011.1 096.37
02.89 2394 -011.1 096.46
02.89 2394 -011.1 096.54
02.89 2394 -011.1 096.62
03.068 2413 -011.2 096.71
03.068 2413 -011.2 096.80
03.068 2413 -011.2 096.89
03.068 2413 -011.2 096.97
03.068 2413 -011.2 097.05
03.068 2413 -011.2 097.13
03.068 2413 -011.2 097.22
03.089 2375 -011.5 097.30
03.089 2375 -011.5 097.38
03.089 2375 -011.5 097.46
03.089 2375 -011.5 097.54
03.089 2375 -011.5 097.63
03.089 2375 -011.5 097.71
03.089 2375 -011.5 097.81
03.131 2413 -011.4 097.89
03.131 2413 -011.4 097.98
03.131 2413 -011.4 098.08
03.131 2413 -011.4 098.15
03.131 2413 -011.4 098.24
03.131 2413 -011.4 098.33
03.131 2413 -011.4 098.41
03.033 2375 -011.5 098.50
03.033 2375 -011.5 098.58
03.033 2375 -011.5 098.67
03.033 2375 -011.5 098.75
03.033 2375 -011.5 098.83
03.033 2375 -011.5 098.92
03.033 2375 -011.5 099.00
03.101 2375 -011.5 099.10
03.101 2375 -011.5 099.18
03.101 2375 -011.5 099.26
03.101 2375 -011.5 099.37
03.101 2375 -011.5 099.45
03.101 2375 -011.5 099.53
03.101 2375 -011.5 099.61
02.895 2394 -011.7 099.70
02.895 2394 -011.7 099.78
02.895 2394 -011.7 099.86
02.895 2394 -011.7 099.94
02.895 2394 -011.7 100.03
02.895 2394 -011.7 100.11
02.895 2394 -011.7 100.20
03.115 2375 -011.7 100.28
03.115 2375 -011.5 100.37
03.115 2375 -011.5 100.46
03.115 2375 -011.5 100.54
03.115 2375 -011.5 100.62
03.115 2375 -011.5 100.72
03.115 2375 -011.5 100.80
02.913 2375 -011.5 100.88
02.913 2375 -011.5 100.96
02.913 2375 -011.5 101.05
02.913 2375 -011.5 101.14
02.913 2375 -011.5 101.22
02.913 2375 -011.5 101.30
02.913 2375 -011.5 101.38
03.101 2375 -011.5 101.47
03.101 2394 -011.7 101.55
03.101 2394 -011.7 101.63
03.101 2394 -011.7 101.73
03.101 2394 -011.7 101.81
03.101 2394 -011.7 101.90
03.101 2394 -011.7 101.99
02.867 2394 -011.7 102.07
02.867 2394 -011.7 102.15
02.867 2394 -011.7 102.25
02.867 2394 -011.7 102.33
02.867 2394 -011.7 102.42
02.867 2394 -011.7 102.50
02.867 2394 -011.7 102.59
02.986 2394 -011.7 102.68
02.986 2375 -011.7 102.76
02.986 2375 -011.7 102.85
02.986 2375 -011.7 102.92
02.986 2375 -011.7 103.01
02.986 2375 -011.7 103.09
02.986 2375 -011.7 103.19
02.986 2375 -011.7 103.27
02.861 2375 -011.7 103.35
02.861 2375 -011.7 103.45
02.861 2375 -011.7 103.53
02.861 2375 -011.7 103.62
02.861 2375 -011.7 103.70
02.861 2375 -011.7 103.79
03.049 2375 -011.7 103.87
03.049 2394 -011.9 103.96
03.049 2394 -011.9 104.04
03.049 2394 -011.9 104.13
03.049 2394 -011.9 104.21
03.049 2394 -011.9 104.30
03.049 2394 -011.9 104.38
03.049 2394 -011.9 104.46
02.953 2375 -012.2 104.54
02.953 2375 -012.2 104.63
02.953 2375 -012.2 104.72
02.953 2375 -012.2 104.80
02.953 2375 -012.2 104.88
02.953 2375 -012.2 104.96
02.953 2375 -012.2 105.05
03.097 2375 -012.2 105.13
03.097 2375 -012.2 105.23
03.097 2375 -012.2 105.32
03.097 2375 -012.2 105.40
03.097 2375 -012.2 105.48
03.097 2375 -012.2 105.56
03.097 2375 -012.2 105.66
02.963 2375 -012.3 105.75
02.963 2375 -012.3 105.84
02.963 2375 -012.3 105.92
02.963 2375 -012.3 106.00
02.963 2375 -012.3 106.09
02.963 2375 -012.3 106.18
02.963 2375 -012.3 106.26
03.177 2394 -012.3 106.35
03.177 2394 -012.3 106.43
03.177 2394 -012.3 106.51
03.177 2394 -012.3 106.60
03.177 2394 -012.3 106.68
03.177 2394 -012.3 106.76
03.177 2394 -012.3 106.84
02.952 2375 -012.3 106.92
02.952 2375 -012.3 107.01
02.952 2375 -012.3 107.11
02.952 2375 -012.3 107.19
02.952 2375 -012.3 107.28
02.952 2375 -012.3 107.38
02.952 2375 -012.3 107.46
03.11 2375 -012.4 107.54
03.11 2375 -012.4 107.63
03.11 2375 -012.4 107.72
03.11 2375 -012.4 107.81
03.11 2375 -012.4 107.90
03.11 2375 -012.4 107.98
03.11 2375 -012.4 108.07
02.948 2375 -012.6 108.16
02.948 2375 -012.6 108.24
02.948 2375 -012.6 108.34
02.948 2375 -012.6 108.42
02.948 2375 -012.6 108.50
02.948 2375 -012.6 108.60
02.948 2375 -012.6 108.68
03.131 2337 -012.3 108.77
03.131 2337 -012.3 108.86
03.131 2337 -012.3 108.94
03.131 2337 -012.3 109.03
03.131 2337 -012.3 109.11
03.131 2337 -012.3 109.20
03.131 2337 -012.3 109.28
03.031 2375 -012.5 109.37
03.031 2375 -012.5 109.46
03.031 2375 -012.5 109.55
03.031 2375 -012.5 109.64
03.031 2375 -012.5 109.73
03.031 2375 -012.5 109.82
03.259 2413 -012.6 109.92
03.259 2413 -012.6 110.01
03.259 2413 -012.6 110.11
03.259 2413 -012.6 110.21
03.259 2413 -012.6 110.28
03.259 2413 -012.6 110.37
03.259 2413 -012.6 110.47
03.047 2375 -012.8 110.55
03.047 2375 -012.8 110.63
03.047 2375 -012.8 110.71
03.047 2375 -012.8 110.81
03.047 2375 -012.8 110.89
03.047 2375 -012.8 110.97
03.047 2375 -012.8 111.05
03.221 2356 -012.9 111.14
03.221 2356 -012.9 111.23
03.221 2356 -012.9 111.31
03.221 2356 -012.9 111.39
03.221 2356 -012.9 111.47
03.221 2356 -012.9 111.56
03.221 2356 -012.9 111.64
03.039 2375 -012.9 111.72
03.039 2375 -012.9 111.80
03.039 2375 -012.9 111.88
03.039 2375 -012.9 111.97
03.039 2375 -012.9 112.06
03.039 2375 -012.9 112.15
03.039 2375 -012.9 112.23
03.282 2375 -012.9 112.31
03.282 2375 -013.0 112.40
03.282 2375 -013.0 112.48
03.282 2375 -013.0 112.57
03.282 2375 -013.0 112.65
03.282 2375 -013.0 112.75
03.282 2375 -013.0 112.83
03.091 2375 -012.9 112.92
03.091 2375 -012.9 113.01
03.091 2375 -012.9 113.09
03.091 2375 -012.9 113.18
03.091 2375 -012.9 113.27
03.091 2375 -012.9 113.37
03.091 2375 -012.9 113.47
03.18 2413 -013.3 113.55
03.18 2413 -013.3 113.65
03.18 2413 -013.3 113.73
03.18 2413 -013.3 113.81
03.18 2413 -013.3 113.90
03.18 2413 -013.3 113.99
03.18 2413 -013.3 114.07
03.151 2375 -013.1 114.15
03.151 2375 -013.1 114.23
03.151 2375 -013.1 114.33
03.151 2375 -013.1 114.42
03.151 2375 -013.1 114.51
03.151 2375 -013.1 114.59
03.151 2375 -013.1 114.69
03.229 2394 -013.0 114.78
03.229 2394 -013.0 114.86
03.229 2394 -013.0 114.94
03.229 2394 -013.0 115.02
03.229 2394 -013.0 115.11
03.229 2394 -013.0 115.19
03.229 2394 -013.0 115.28
03.499 2356 -013.2 115.37
03.499 2356 -013.2 115.46
03.499 2356 -013.2 115.55
03.499 2356 -013.2 115.64
03.499 2356 -013.2 115.72
03.499 2356 -013.2 115.82
03.499 2356 -013.2 115.91
03.52 2356 -013.5 115.99
03.52 2356 -013.5 116.09
03.52 2356 -013.5 116.17
03.52 2356 -013.5 116.25
03.52 2356 -013.5 116.33
03.52 2356 -013.5 116.41
03.52 2356 -013.5 116.50
03.514 2356 -013.4 116.58
03.514 2356 -013.4 116.66
03.514 2356 -013.4 116.74
03.514 2356 -013.4 116.82
03.514 2356 -013.4 116.91
03.514 2356 -013.4 116.99
03.514 2356 -013.4 117.07
03.841 2356 -013.5 117.15
03.841 2356 -013.5 117.25
03.841 2356 -013.5 117.33
03.841 2356 -013.5 117.43
03.841 2356 -013.5 117.50
03.841 2356 -013.5 117.59
03.841 2356 -013.5 117.67
03.883 2356 -013.7 117.75
03.883 2356 -013.7 117.84
03.883 2356 -013.7 117.92
03.883 2356 -013.7 118.00
03.883 2356 -013.7 118.08
03.883 2356 -013.7 118.16
03.883 2356 -013.7 118.25
03.778 2356 -013.7 118.32
03.778 2356 -013.8 118.41
03.778 2356 -013.8 118.51
03.778 2356 -013.8 118.59
03.778 2356 -013.8 118.69
03.778 2356 -013.8 118.77
03.778 2356 -013.8 118.85
03.907 2337 -013.8 118.93
03.907 2337 -013.7 119.03
03.907 2337 -013.7 119.11
03.907 2337 -013.7 119.21
03.907 2337 -013.7 119.29
03.907 2337 -013.7 119.37
03.907 2337 -013.7 119.47
04.102 2356 -013.8 119.55
04.102 2356 -013.8 119.65
04.102 2356 -013.8 119.74
04.102 2356 -013.8 119.84
04.102 2356 -013.8 119.92
04.102 2356 -013.8 120.00
04.102 2356 -013.8 120.08
04.031 2394 -013.8 120.17
04.031 2394 -013.8 120.26
04.031 2394 -013.8 120.34
04.031 2394 -013.8 120.42
04.031 2394 -013.8 120.50
04.031 2394 -013.8 120.59
04.031 2394 -013.8 120.67
03.99 2356 -013.9 120.76
03.99 2356 -013.9 120.84
03.99 2356 -013.9 120.92
03.99 2356 -013.9 121.02
03.99 2356 -013.9 121.11
03.99 2356 -013.9 121.20
03.99 2356 -013.9 121.30
04.384 2356 -014.2 121.38
04.384 2356 -014.2 121.46
04.384 2356 -014.2 121.54
04.384 2356 -014.2 121.63
04.384 2356 -014.2 121.72
04.384 2356 -014.2 121.80
04.384 2356 -014.2 121.88
04.774 2337 -014.5 121.97
04.774 2337 -014.5 122.05
04.774 2337 -014.5 122.13
04.774 2337 -014.5 122.21
04.774 2337 -014.5 122.30
04.774 2337 -014.5 122.39
04.774 2337 -014.5 122.48
04.73 2356 -014.3 122.56
04.73 2356 -014.3 122.64
04.73 2356 -014.3 122.73
04.73 2356 -014.3 122.81
04.73 2356 -014.3 122.89
04.73 2356 -014.3 122.98
04.73 2356 -014.3 123.06
04.878 2356 -014.3 123.14
04.878 2337 -014.4 123.22
04.878 2337 -014.4 123.30
04.878 2337 -014.4 123.38
04.878 2337 -014.4 123.46
04.878 2337 -014.4 123.55
04.878 2337 -014.4 123.63
04.878 2337 -014.4 123.72
05.28 2337 -014.5 123.80
05.28 2337 -014.5 123.88
05.28 2337 -014.5 123.97
05.28 2337 -014.5 124.05
05.28 2337 -014.5 124.14
05.28 2337 -014.5 124.22
05.28 2337 -014.5 124.30
04.925 2337 -014.5 124.38
04.925 2337 -014.5 124.47
04.925 2337 -014.5 124.55
04.925 2337 -014.5 124.63
04.925 2337 -014.5 124.72
04.925 2337 -014.5 124.80
04.925 2337 -014.5 124.88
04.944 2337 -014.5 124.96
04.944 2337 -014.6 125.05
04.944 2337 -014.6 125.14
04.944 2337 -014.6 125.22
04.944 2337 -014.6 125.31
04.944 2337 -014.6 125.39
04.944 2337 -014.6 125.47
05.035 2337 -014.6 125.56
05.035 2356 -014.4 125.64
05.035 2356 -014.4 125.72
05.035 2356 -014.4 125.80
05.035 2356 -014.4 125.89
05.035 2356 -014.4 125.97
05.035 2356 -014.4 126.05
05.035 2356 -014.4 126.14
04.892 2356 -014.7 126.21
04.892 2356 -014.7 126.30
04.892 2356 -014.7 126.38
04.892 2356 -014.7 126.46
04.892 2356 -014.7 126.54
04.892 2356 -014.7 126.63
04.892 2356 -014.7 126.71
04.965 2337 -014.8 126.79
04.965 2337 -014.8 126.87
04.965 2337 -014.8 126.97
04.965 2337 -014.8 127.05
04.965 2337 -014.8 127.14
04.965 2337 -014.8 127.22
04.965 2337 -014.8 127.31
05.082 2356 -014.9 127.40
05.082 2356 -014.9 127.49
05.082 2356 -014.9 127.59
05.082 2356 -014.9 127.68
05.082 2356 -014.9 127.76
05.082 2356 -014.9 127.84
05.082 2356 -014.9 127.93
05.006 2337 -014.7 128.01
05.006 2337 -014.7 128.10
05.006 2337 -014.7 128.18
05.006 2337 -014.7 128.26
05.006 2337 -014.7 128.35
05.006 2337 -014.7 128.43
05.006 2337 -014.7 128.51
05.025 2356 -014.9 128.60
05.025 2356 -014.9 128.68
05.025 2356 -014.9 128.77
05.025 2356 -014.9 128.85
05.025 2356 -014.9 128.95
05.025 2356 -014.9 129.03
05.025 2356 -014.9 129.11
05.114 2356 -014.8 129.20
05.114 2356 -014.8 129.28
05.114 2356 -014.8 129.36
05.114 2356 -014.8 129.44
05.114 2356 -014.8 129.53
05.114 2356 -014.8 129.62
05.114 2356 -014.8 129.70
05.307 2356 -015.0 129.79
05.307 2356 -015.0 129.87
05.307 2356 -015.0 129.97
05.307 2356 -015.0 130.06
05.307 2356 -015.0 130.14
05.307 2356 -015.0 130.23
05.307 2356 -015.0 130.31
05.208 2337 -015.3 130.39
05.208 2337 -015.3 130.49
05.208 2337 -015.3 130.57
05.208 2337 -015.3 130.65
05.208 2337 -015.3 130.73
05.208 2337 -015.3 130.83
05.208 2337 -015.3 130.93
05.223 2356 -015.4 131.01
05.223 2356 -015.4 131.10
05.223 2356 -015.4 131.18
05.223 2356 -015.4 131.27
05.223 2356 -015.4 131.35
05.223 2356 -015.4 131.43
05.223 2356 -015.4 131.52
05.28 2356 -015.4 131.60
05.28 2356 -015.4 131.68
05.28 2356 -015.4 131.76
05.28 2356 -015.4 131.86
05.28 2356 -015.4 131.94
05.28 2356 -015.4 132.02
05.28 2356 -015.4 132.11
05.561 2356 -015.2 132.20
05.561 2356 -015.2 132.28
05.561 2356 -015.2 132.36
05.561 2356 -015.2 132.44
05.561 2356 -015.2 132.53
05.561 2356 -015.2 132.61
05.561 2356 -015.2 132.69
05.804 2318 -015.2 132.77
05.804 2318 -015.5 132.85
05.804 2318 -015.5 132.94
05.804 2318 -015.5 133.02
05.804 2318 -015.5 133.12
05.804 2318 -015.5 133.21
05.804 2318 -015.5 133.30
06.02 2318 -015.5 133.38
06.02 2337 -015.5 133.46
06.02 2337 -015.5 133.54
06.02 2337 -015.5 133.62
06.02 2337 -015.5 133.71
06.02 2337 -015.5 133.79
06.02 2337 -015.5 133.88
06.02 2337 -015.5 133.96
05.971 2337 -015.8 134.05
05.971 2337 -015.8 134.14
05.971 2337 -015.8 134.22
05.971 2337 -015.8 134.31
05.971 2337 -015.8 134.39
05.971 2337 -015.8 134.48
05.973 2337 -015.8 134.59
05.973 2356 -015.6 134.67
05.973 2356 -015.6 134.76
05.973 2356 -015.6 134.85
05.973 2356 -015.6 134.93
05.973 2356 -015.6 135.01
05.973 2356 -015.6 135.10
05.996 2337 -015.6 135.18
05.996 2337 -015.6 135.27
05.996 2337 -015.6 135.35
05.996 2337 -015.6 135.44
05.996 2337 -015.6 135.52
05.996 2337 -015.6 135.61
05.996 2337 -015.6 135.71
06.386 2318 -015.8 135.80
06.386 2318 -015.8 135.88
06.386 2318 -015.8 135.96
06.386 2318 -015.8 136.05
06.386 2318 -015.8 136.13
06.386 2318 -015.8 136.22
06.386 2318 -015.8 136.30
06.404 2318 -015.8 136.38
06.404 2318 -016.1 136.47
06.404 2318 -016.1 136.55
06.404 2318 -016.1 136.63
06.404 2318 -016.1 136.71
06.404 2318 -016.1 136.79
06.404 2318 -016.1 136.88
06.404 2318 -016.1 136.97
06.427 2318 -016.1 137.05
06.427 2318 -016.1 137.14
06.427 2318 -016.1 137.22
06.427 2318 -016.1 137.30
06.427 2318 -016.1 137.38
06.427 2318 -016.1 137.47
06.427 2318 -016.1 137.55
06.444 2318 -016.2 137.63
06.444 2318 -016.2 137.72
06.444 2318 -016.2 137.81
06.444 2318 -016.2 137.90
06.444 2318 -016.2 138.00
06.444 2318 -016.2 138.09
06.444 2318 -016.2 138.17
06.564 2337 -016.3 138.25
06.564 2337 -016.3 138.33
06.564 2337 -016.3 138.41
06.564 2337 -016.3 138.49
06.564 2337 -016.3 138.58
06.564 2337 -016.3 138.66
06.564 2337 -016.3 138.76
07.032 2299 -016.5 138.85
07.032 2299 -016.5 138.95
07.032 2299 -016.5 139.04
07.032 2299 -016.5 139.12
07.032 2299 -016.5 139.22
07.032 2299 -016.5 139.30
07.139 2299 -016.5 139.38
07.139 2337 -016.6 139.47
07.139 2337 -016.6 139.54
07.139 2337 -016.6 139.63
07.139 2337 -016.6 139.71
07.139 2337 -016.6 139.79
07.139 2337 -016.6 139.88
07.139 2337 -016.6 139.98
07.504 2299 -016.5 140.06
07.504 2299 -016.5 140.14
07.504 2299 -016.5 140.24
07.504 2299 -016.5 140.33
07.504 2299 -016.5 140.41
07.504 2299 -016.5 140.49
06.401 2299 -016.5 140.58
06.401 2318 -016.6 140.67
06.401 2318 -016.6 140.75
06.401 2318 -016.6 140.84
06.401 2318 -016.6 140.93
06.401 2318 -016.6 141.02
06.401 2318 -016.6 141.10
04.866 2318 -016.6 141.20
04.866 2356 -016.8 141.28
04.866 2356 -016.8 141.36
04.866 2356 -016.8 141.46
04.866 2356 -016.8 141.54
04.866 2356 -016.8 141.62
04.866 2356 -016.8 141.71
04.656 2356 -016.8 141.79
04.656 2394 -016.9 141.87
04.656 2394 -016.9 141.96
04.656 2394 -016.9 142.04
04.656 2394 -016.9 142.13
04.656 2394 -016.9 142.21
04.656 2394 -016.9 142.30
04.656 2394 -016.9 142.38
04.536 2394 -017.0 142.46
04.536 2394 -017.0 142.55
04.536 2394 -017.0 142.63
04.536 2394 -017.0 142.72
04.536 2394 -017.0 142.82
04.536 2394 -017.0 142.90
04.813 2394 -017.0 142.99
04.813 2356 -017.1 143.07
04.813 2356 -017.1 143.16
04.813 2356 -017.1 143.24
04.813 2356 -017.1 143.33
04.813 2356 -017.1 143.41
04.813 2356 -017.1 143.49
04.813 2356 -017.1 143.59
05.489 2337 -017.2 143.67
05.489 2337 -017.2 143.77
05.489 2337 -017.2 143.85
05.489 2337 -017.2 143.93
05.489 2337 -017.2 144.03
05.489 2337 -017.2 144.12
04.824 2337 -017.2 144.21
04.824 2356 -017.4 144.29
04.824 2356 -017.4 144.37
04.824 2356 -017.4 144.46
04.824 2356 -017.4 144.54
04.824 2356 -017.4 144.62
04.824 2356 -017.4 144.71
04.824 2356 -017.4 144.79
05.043 2356 -017.4 144.87
05.043 2356 -017.4 144.96
05.043 2356 -017.4 145.04
05.043 2356 -017.4 145.13
05.043 2356 -017.4 145.21
05.043 2356 -017.4 145.29
05.043 2356 -017.4 145.38
05.051 2375 -017.4 145.46
05.051 2375 -017.4 145.54
05.051 2375 -017.4 145.63
05.051 2375 -017.4 145.71
05.051 2375 -017.4 145.79
05.051 2375 -017.4 145.88
05.051 2375 -017.4 145.96
05.374 2356 -017.6 146.04
05.374 2356 -017.6 146.13
05.374 2356 -017.6 146.21
05.374 2356 -017.6 146.29
05.374 2356 -017.6 146.38
05.374 2356 -017.6 146.46
05.374 2356 -017.6 146.54
05.356 2337 -017.6 146.63
05.356 2337 -017.8 146.72
05.356 2337 -017.8 146.80
05.356 2337 -017.8 146.88
05.356 2337 -017.8 146.96
05.356 2337 -017.8 147.05
05.356 2337 -017.8 147.13
05.357 2375 -017.8 147.22
05.357 2375 -018.0 147.30
05.357 2375 -018.0 147.38
05.357 2375 -018.0 147.47
05.357 2375 -018.0 147.55
05.357 2375 -018.0 147.63
05.357 2375 -018.0 147.72
05.357 2375 -018.0 147.80
05.85 2337 -018.0 147.88
05.85 2337 -018.0 147.97
05.85 2337 -018.0 148.05
05.85 2337 -018.0 148.14
05.85 2337 -018.0 148.23
05.85 2337 -018.0 148.31
05.85 2337 -018.0 148.40
06.012 2356 -018.1 148.48
06.012 2356 -018.1 148.58
06.012 2356 -018.1 148.66
06.012 2356 -018.1 148.75
06.012 2356 -018.1 148.83
06.012 2356 -018.1 148.91
06.012 2356 -018.1 148.99
06.098 2337 -018.0 149.08
06.098 2337 -018.0 149.16
06.098 2337 -018.0 149.25
06.098 2337 -018.0 149.33
06.098 2337 -018.0 149.42
06.098 2337 -018.0 149.51
06.098 2337 -018.0 149.59
06.423 2318 -018.2 149.67
06.423 2318 -018.2 149.76
06.423 2318 -018.2 149.84
06.423 2318 -018.2 149.93
06.423 2318 -018.2 150.01
06.423 2318 -018.2 150.10
06.423 2318 -018.2 150.18
06.775 2356 -018.3 150.26
06.775 2356 -018.3 150.34
06.775 2356 -018.3 150.44
06.775 2356 -018.3 150.52
06.775 2356 -018.3 150.60
06.775 2356 -018.3 150.69
06.775 2356 -018.3 150.77
07.032 2299 -018.4 150.85
07.032 2299 -018.4 150.93
07.032 2299 -018.4 151.01
07.032 2299 -018.4 151.11
07.032 2299 -018.4 151.19
07.032 2299 -018.4 151.28
07.032 2299 -018.4 151.39
07.032 2337 -018.4 151.47
07.032 2337 -018.4 151.55
07.032 2337 -018.4 151.64
07.032 2337 -018.4 151.72
07.032 2337 -018.4 151.80
07.032 2337 -018.4 151.88
07.032 2337 -018.4 151.97
07.258 2299 -018.4 152.05
07.258 2299 -018.4 152.14
07.258 2299 -018.4 152.22
07.258 2299 -018.4 152.30
07.258 2299 -018.4 152.38
07.258 2299 -018.4 152.47
07.258 2299 -018.4 152.55
07.258 2299 -018.4 152.63
07.807 2280 -018.5 152.71
07.807 2280 -018.5 152.79
07.807 2280 -018.5 152.88
07.807 2280 -018.5 152.97
07.807 2280 -018.5 153.05
07.807 2280 -018.5 153.14
07.807 2280 -018.5 153.22
04.147 2375 -018.7 153.30
04.147 2375 -018.7 153.38
04.147 2375 -018.7 153.47
04.147 2375 -018.7 153.55
04.147 2375 -018.7 153.63
04.147 2375 -018.7 153.72
04.147 2375 -018.7 153.81
03.58 2413 -018.8 153.89
03.58 2413 -018.8 153.98
03.58 2413 -018.8 154.06
03.58 2413 -018.8 154.14
03.58 2413 -018.8 154.23
03.58 2413 -018.8 154.31
03.58 2413 -018.8 154.40
03.763 2375 -018.9 154.48
03.763 2375 -018.9 154.56
03.763 2375 -018.9 154.65
03.763 2375 -018.9 154.73
03.763 2375 -018.9 154.82
03.763 2375 -018.9 154.91
03.763 2375 -018.9 155.00
03.468 2394 -018.8 155.08
03.468 2394 -018.8 155.16
03.468 2394 -018.8 155.24
03.468 2394 -018.8 155.33
03.468 2394 -018.8 155.42
03.468 2394 -018.8 155.51
03.468 2394 -018.8 155.60
03.656 2356 -019.0 155.68
03.656 2356 -019.0 155.76
03.656 2356 -019.0 155.84
03.656 2356 -019.0 155.93
03.656 2356 -019.0 156.01
03.656 2356 -019.0 156.10
03.656 2356 -019.0 156.18
03.608 2375 -019.0 156.26
03.608 2375 -019.0 156.34
03.608 2375 -019.0 156.42
03.608 2375 -019.0 156.51
03.608 2375 -019.0 156.59
03.608 2375 -019.0 156.68
03.608 2375 -019.0 156.77
03.846 2375 -019.2 156.86
03.846 2375 -019.2 156.94
03.846 2375 -019.2 157.02
03.846 2375 -019.2 157.11
03.846 2375 -019.2 157.19
03.846 2375 -019.2 157.27
03.846 2375 -019.2 157.36
03.689 2375 -019.2 157.44
03.689 2375 -019.2 157.52
03.689 2375 -019.2 157.60
03.689 2375 -019.2 157.69
03.689 2375 -019.2 157.77
03.689 2375 -019.2 157.85
03.689 2375 -019.2 157.94
03.689 2375 -019.2 158.02
03.729 2394 -019.3 158.12
03.729 2394 -019.3 158.20
03.729 2394 -019.3 158.28
03.729 2394 -019.3 158.36
03.729 2394 -019.3 158.45
03.729 2394 -019.3 158.53
03.729 2394 -019.3 158.61
03.711 2375 -019.3 158.69
03.711 2375 -019.3 158.78
03.711 2375 -019.3 158.86
03.711 2375 -019.3 158.94
03.711 2375 -019.3 159.03
03.711 2375 -019.3 159.12
03.711 2375 -019.3 159.21
03.687 2375 -019.2 159.29
03.687 2375 -019.2 159.37
03.687 2375 -019.2 159.46
03.687 2375 -019.2 159.54
03.687 2375 -019.2 159.62
03.687 2375 -019.2 159.71
03.687 2375 -019.2 159.79
03.741 2394 -019.4 159.88
03.741 2394 -019.4 159.96
03.741 2394 -019.4 160.04
03.741 2394 -019.4 160.13
03.741 2394 -019.4 160.21
03.741 2394 -019.4 160.29
03.741 2394 -019.4 160.38
03.7 2394 -019.4 160.47
03.7 2375 -019.6 160.55
03.7 2375 -019.6 160.63
03.7 2375 -019.6 160.71
03.7 2375 -019.6 160.80
03.7 2375 -019.6 160.88
03.7 2375 -019.6 160.96
03.938 2375 -019.6 161.06
03.938 2356 -019.9 161.14
03.938 2356 -019.9 161.22
03.938 2356 -019.9 161.30
03.938 2356 -019.9 161.39
03.938 2356 -019.9 161.48
03.938 2356 -019.9 161.56
03.938 2356 -019.9 161.64
03.443 2375 -019.9 161.72
03.443 2375 -019.9 161.81
03.443 2375 -019.9 161.90
03.443 2375 -019.9 161.98
03.443 2375 -019.9 162.08
03.443 2375 -019.9 162.16
03.443 2375 -019.9 162.24
03.673 2394 -020.0 162.32
03.673 2394 -020.0 162.41
03.673 2394 -020.0 162.49
03.673 2394 -020.0 162.57
03.673 2394 -020.0 162.65
03.673 2394 -020.0 162.73
03.673 2394 -020.0 162.83
03.721 2375 -020.1 162.91
03.721 2375 -020.1 162.99
03.721 2375 -020.1 163.07
03.721 2375 -020.1 163.16
03.721 2375 -020.1 163.25
03.721 2375 -020.1 163.34
03.721 2375 -020.1 163.42
03.993 2375 -020.2 163.51
03.993 2375 -020.2 163.59
03.993 2375 -020.2 163.67
03.993 2375 -020.2 163.75
03.993 2375 -020.2 163.83
03.993 2375 -020.2 163.92
03.993 2375 -020.2 164.01
03.723 2356 -020.2 164.10
03.723 2356 -020.2 164.18
03.723 2356 -020.2 164.27
03.723 2356 -020.2 164.35
03.723 2356 -020.2 164.43
03.723 2356 -020.2 164.53
03.723 2356 -020.2 164.61
04.047 2394 -020.2 164.69
04.047 2394 -020.2 164.77
04.047 2394 -020.2 164.85
04.047 2394 -020.2 164.94
04.047 2394 -020.2 165.02
04.047 2394 -020.2 165.11
04.047 2394 -020.2 165.20
03.886 2375 -020.2 165.29
03.886 2375 -020.2 165.37
03.886 2375 -020.2 165.46
03.886 2375 -020.2 165.54
03.886 2375 -020.2 165.62
03.886 2375 -020.2 165.73
03.886 2375 -020.2 165.81
03.856 2375 -020.2 165.89
03.856 2375 -020.3 165.98
03.856 2375 -020.3 166.06
03.856 2375 -020.3 166.14
03.856 2375 -020.3 166.23
03.856 2375 -020.3 166.31
03.856 2375 -020.3 166.39
03.624 2375 -020.3 166.47
03.624 2375 -020.4 166.56
03.624 2375 -020.4 166.64
03.624 2375 -020.4 166.72
03.624 2375 -020.4 166.80
03.624 2375 -020.4 166.89
03.624 2375 -020.4 166.99
03.848 2375 -020.4 167.07
03.848 2375 -020.6 167.15
03.848 2375 -020.6 167.23
03.848 2375 -020.6 167.32
03.848 2375 -020.6 167.40
03.848 2375 -020.6 167.49
03.848 2375 -020.6 167.57
03.848 2375 -020.6 167.66
03.81 2375 -020.6 167.75
03.81 2375 -020.6 167.83
03.81 2375 -020.6 167.91
03.81 2375 -020.6 168.00
03.81 2375 -020.6 168.08
03.81 2375 -020.6 168.16
03.81 2375 -020.6 168.26
04.147 2375 -020.8 168.35
04.147 2375 -020.8 168.43
04.147 2375 -020.8 168.51
04.147 2375 -020.8 168.60
04.147 2375 -020.8 168.69
04.147 2375 -020.8 168.77
04.147 2375 -020.8 168.85
03.953 2356 -020.8 168.94
03.953 2356 -020.8 169.03
03.953 2356 -020.8 169.11
03.953 2356 -020.8 169.19
03.953 2356 -020.8 169.28
03.953 2356 -020.8 169.36
03.953 2356 -020.8 169.44
03.877 2375 -020.8 169.54
03.877 2375 -020.8 169.62
03.877 2375 -020.8 169.71
03.877 2375 -020.8 169.79
03.877 2375 -020.8 169.87
03.877 2375 -020.8 169.95
03.877 2375 -020.8 170.05
04.034 2375 -021.2 170.13
04.034 2375 -021.2 170.22
04.034 2375 -021.2 170.30
04.034 2375 -021.2 170.40
04.034 2375 -021.2 170.49
04.034 2375 -021.2 170.57
04.034 2375 -021.2 170.66
03.81 2356 -021.2 170.74
03.81 2356 -021.2 170.83
03.81 2356 -021.2 170.91
03.81 2356 -021.2 170.99
03.81 2356 -021.2 171.07
03.81 2356 -021.2 171.16
03.81 2356 -021.2 171.24
03.935 2375 -021.3 171.34
03.935 2375 -021.3 171.43
03.935 2375 -021.3 171.53
03.935 2375 -021.3 171.61
03.935 2375 -021.3 171.69
03.935 2375 -021.3 171.79
03.935 2375 -021.3 171.87
03.758 2394 -021.4 171.96
03.758 2394 -021.4 172.04
03.758 2394 -021.4 172.13
03.758 2394 -021.4 172.21
03.758 2394 -021.4 172.30
03.758 2394 -021.4 172.38
03.758 2394 -021.4 172.46
03.894 2375 -021.3 172.54
03.894 2375 -021.3 172.62
03.894 2375 -021.3 172.71
03.894 2375 -021.3 172.79
03.894 2375 -021.3 172.87
03.894 2375 -021.3 172.96
03.894 2375 -021.3 173.04
03.903 2375 -021.1 173.13
03.903 2375 -021.1 173.21
03.903 2375 -021.1 173.29
03.903 2375 -021.1 173.38
03.903 2375 -021.1 173.47
03.903 2375 -021.1 173.55
03.903 2375 -021.1 173.63
04.087 2375 -021.5 173.72
04.087 2375 -021.5 173.80
04.087 2375 -021.5 173.90
04.087 2375 -021.5 173.98
04.087 2375 -021.5 174.06
04.087 2375 -021.5 174.14
04.087 2375 -021.5 174.22
04.037 2375 -021.5 174.31
04.037 2375 -021.6 174.39
04.037 2375 -021.6 174.49
04.037 2375 -021.6 174.57
04.037 2375 -021.6 174.66
04.037 2375 -021.6 174.76
04.037 2375 -021.6 174.84
04.131 2375 -021.6 174.92
04.131 2375 -021.6 175.01
04.131 2375 -021.6 175.09
04.131 2375 -021.6 175.18
04.131 2375 -021.6 175.26
04.131 2375 -021.6 175.34
04.131 2375 -021.6 175.42
04.105 2375 -021.6 175.51
04.105 2375 -021.7 175.60
04.105 2375 -021.7 175.69
04.105 2375 -021.7 175.77
04.105 2375 -021.7 175.85
04.105 2375 -021.7 175.94
04.105 2375 -021.7 176.05
04.15 2375 -022.0 176.13
04.15 2375 -022.0 176.22
04.15 2375 -022.0 176.30
04.15 2375 -022.0 176.38
04.15 2375 -022.0 176.46
04.15 2375 -022.0 176.54
04.15 2375 -022.0 176.63
04.16 2375 -022.0 176.72
04.16 2356 -021.9 176.80
04.16 2356 -021.9 176.89
04.16 2356 -021.9 176.98
04.16 2356 -021.9 177.05
04.16 2356 -021.9 177.14
04.16 2356 -021.9 177.23
04.228 2375 -021.9 177.31
04.228 2375 -022.0 177.41
04.228 2375 -022.0 177.50
04.228 2375 -022.0 177.59
04.228 2375 -022.0 177.67
04.228 2375 -022.0 177.75
04.228 2375 -022.0 177.84
04.222 2375 -022.0 177.92
04.222 2375 -022.1 178.00
04.222 2375 -022.1 178.09
04.222 2375 -022.1 178.19
04.222 2375 -022.1 178.27
04.222 2375 -022.1 178.35
04.222 2375 -022.1 178.45
04.358 2394 -022.0 178.54
04.358 2394 -022.0 178.62
04.358 2394 -022.0 178.70
04.358 2394 -022.0 178.79
04.358 2394 -022.0 178.87
04.358 2394 -022.0 178.95
04.358 2394 -022.0 179.03
04.34 2394 -022.0 179.12
04.34 2375 -022.2 179.21
04.34 2375 -022.2 179.29
04.34 2375 -022.2 179.37
04.34 2375 -022.2 179.46
04.34 2375 -022.2 179.54
04.34 2375 -022.2 179.63
04.447 2375 -022.2 179.72
04.447 2356 -022.2 179.81
04.447 2356 -022.2 179.89
04.447 2356 -022.2 179.99
04.447 2356 -022.2 180.08
04.447 2356 -022.2 180.16
04.447 2356 -022.2 180.26
04.387 2375 -022.2 180.34
04.387 2375 -022.4 180.42
04.387 2375 -022.4 180.50
04.387 2375 -022.4 180.59
04.387 2375 -022.4 180.67
04.387 2375 -022.4 180.75
04.387 2375 -022.4 180.84
04.387 2375 -022.4 180.92
04.578 2375 -022.5 181.02
04.578 2375 -022.5 181.12
04.578 2375 -022.5 181.20
04.578 2375 -022.5 181.29
04.578 2375 -022.5 181.37
04.578 2375 -022.5 181.45
04.625 2375 -022.5 181.53
04.625 2375 -022.5 181.62
04.625 2375 -022.5 181.72
04.625 2375 -022.5 181.80
04.625 2375 -022.5 181.90
04.625 2375 -022.5 181.98
04.625 2375 -022.5 182.06
04.76 2356 -022.5 182.14
04.76 2356 -022.8 182.23
04.76 2356 -022.8 182.31
04.76 2356 -022.8 182.41
04.76 2356 -022.8 182.49
04.76 2356 -022.8 182.58
04.76 2356 -022.8 182.66
04.917 2337 -022.8 182.74
04.917 2337 -022.9 182.82
04.917 2337 -022.9 182.91
04.917 2337 -022.9 182.99
04.917 2337 -022.9 183.07
04.917 2337 -022.9 183.16
04.917 2337 -022.9 183.24
04.641 2375 -022.9 183.34
04.641 2375 -022.8 183.43
04.641 2375 -022.8 183.51
04.641 2375 -022.8 183.61
04.641 2375 -022.8 183.71
04.641 2375 -022.8 183.79
04.641 2375 -022.8 183.87
04.704 2394 -022.8 183.95
04.704 2394 -022.8 184.04
04.704 2394 -022.8 184.12
04.704 2394 -022.8 184.20
04.704 2394 -022.8 184.30
04.704 2394 -022.8 184.38
04.704 2394 -022.8 184.47
04.679 2356 -023.0 184.55
04.679 2356 -023.0 184.63
04.679 2356 -023.0 184.71
04.679 2356 -023.0 184.79
04.679 2356 -023.0 184.88
04.679 2356 -023.0 184.96
04.679 2356 -023.0 185.04
04.879 2356 -023.0 185.13
04.879 2337 -023.0 185.23
04.879 2337 -023.0 185.31
04.879 2337 -023.0 185.40
04.879 2337 -023.0 185.48
04.879 2337 -023.0 185.56
04.879 2337 -023.0 185.65
04.879 2337 -023.0 185.73
04.708 2356 -023.0 185.81
04.708 2356 -023.0 185.89
04.708 2356 -023.0 185.97
04.708 2356 -023.0 186.06
04.708 2356 -023.0 186.14
04.708 2356 -023.0 186.23
04.708 2356 -023.0 186.31
04.74 2356 -023.2 186.40
04.74 2356 -023.2 186.48
04.74 2356 -023.2 186.57
04.74 2356 -023.2 186.65
04.74 2356 -023.2 186.76
04.74 2356 -023.2 186.84
04.956 2356 -023.2 186.94
04.956 2356 -023.3 187.02
04.956 2356 -023.3 187.12
04.956 2356 -023.3 187.22
04.956 2356 -023.3 187.30
04.956 2356 -023.3 187.40
04.956 2356 -023.3 187.49
05.064 2356 -023.4 187.57
05.064 2356 -023.4 187.65
05.064 2356 -023.4 187.74
05.064 2356 -023.4 187.84
05.064 2356 -023.4 187.92
05.064 2356 -023.4 188.00
05.064 2356 -023.4 188.08
04.978 2356 -023.3 188.16
04.978 2356 -023.3 188.25
04.978 2356 -023.3 188.34
04.978 2356 -023.3 188.43
04.978 2356 -023.3 188.51
04.978 2356 -023.3 188.59
04.978 2356 -023.3 188.69
04.777 2337 -023.4 188.77
04.777 2337 -023.4 188.87
04.777 2337 -023.4 188.96
04.777 2337 -023.4 189.04
04.777 2337 -023.4 189.12
04.777 2337 -023.4 189.21
04.777 2337 -023.4 189.29
05.114 2375 -023.6 189.38
05.114 2375 -023.6 189.47
05.114 2375 -023.6 189.55
05.114 2375 -023.6 189.63
05.114 2375 -023.6 189.71
05.114 2375 -023.6 189.80
05.114 2375 -023.6 189.88
05.38 2356 -023.6 189.96
05.38 2356 -023.7 190.06
05.38 2356 -023.7 190.14
05.38 2356 -023.7 190.23
05.38 2356 -023.7 190.32
05.38 2356 -023.7 190.40
05.38 2356 -023.7 190.48
05.179 2337 -023.7 190.56
05.179 2337 -023.7 190.64
05.179 2337 -023.7 190.72
05.179 2337 -023.7 190.80
05.179 2337 -023.7 190.89
05.179 2337 -023.7 190.97
05.179 2337 -023.7 191.05
05.179 2337 -023.7 191.14
05.239 2337 -023.7 191.22
05.239 2337 -023.7 191.31
05.239 2337 -023.7 191.39
05.239 2337 -023.7 191.48
05.239 2337 -023.7 191.56
05.239 2337 -023.7 191.64
05.239 2337 -023.7 191.72
05.783 2337 -023.7 191.81
05.783 2337 -023.7 191.90
05.783 2337 -023.7 191.99
05.783 2337 -023.7 192.10
05.783 2337 -023.7 192.19
05.783 2337 -023.7 192.27
05.996 2337 -023.7 192.36
05.996 2318 -024.1 192.44
05.996 2318 -024.1 192.54
05.996 2318 -024.1 192.63
05.996 2318 -024.1 192.73
05.996 2318 -024.1 192.81
05.996 2318 -024.1 192.89
05.939 2318 -024.1 192.97
05.939 2356 -024.0 193.07
05.939 2356 -024.0 193.15
05.939 2356 -024.0 193.23
05.939 2356 -024.0 193.31
05.939 2356 -024.0 193.39
05.939 2356 -024.0 193.47
05.224 2356 -024.0 193.55
05.224 2337 -024.1 193.66
05.224 2337 -024.1 193.74
05.224 2337 -024.1 193.83
05.224 2337 -024.1 193.93
05.224 2337 -024.1 194.01
05.224 2337 -024.1 194.11
06.096 2337 -024.4 194.20
06.096 2337 -024.4 194.28
06.096 2337 -024.4 194.36
06.096 2337 -024.4 194.45
06.096 2337 -024.4 194.52
06.096 2337 -024.4 194.61
06.096 2337 -024.4 194.69
06.043 2318 -024.4 194.77
06.043 2318 -024.4 194.86
06.043 2318 -024.4 194.94
06.043 2318 -024.4 195.03
06.043 2318 -024.4 195.13
06.043 2318 -024.4 195.23
06.043 2318 -024.4 195.32
06.211 2318 -024.2 195.40
06.211 2318 -024.2 195.48
06.211 2318 -024.2 195.57
06.211 2318 -024.2 195.66
06.211 2318 -024.2 195.75
06.211 2318 -024.2 195.85
06.211 2318 -024.2 195.93
06.039 2356 -024.3 196.01
06.039 2356 -024.3 196.09
06.039 2356 -024.3 196.18
06.039 2356 -024.3 196.26
06.039 2356 -024.3 196.34
06.039 2356 -024.3 196.43
06.039 2356 -024.3 196.51
06.435 2318 -024.3 196.60
06.435 2318 -024.6 196.68
06.435 2318 -024.6 196.76
06.435 2318 -024.6 196.85
06.435 2318 -024.6 196.93
06.435 2318 -024.6 197.01
06.435 2318 -024.6 197.11
06.742 2337 -024.6 197.21
06.742 2337 -024.6 197.29
06.742 2337 -024.6 197.37
06.742 2337 -024.6 197.46
06.742 2337 -024.6 197.54
06.742 2337 -024.6 197.62
06.742 2337 -024.6 197.71
06.397 2299 -024.9 197.79
06.397 2299 -024.9 197.88
06.397 2299 -024.9 197.98
06.397 2299 -024.9 198.06
06.397 2299 -024.9 198.14
06.397 2299 -024.9 198.23
06.397 2299 -024.9 198.32
06.3 2299 -024.9 198.40
06.3 2318 -025.0 198.48
06.3 2318 -025.0 198.56
06.3 2318 -025.0 198.64
06.3 2318 -025.0 198.73
06.3 2318 -025.0 198.81
06.3 2318 -025.0 198.91
06.3 2318 -025.0 198.99
06.341 2337 -025.1 199.08
06.341 2337 -025.1 199.16
06.341 2337 -025.1 199.25
06.341 2337 -025.1 199.35
06.341 2337 -025.1 199.44
06.341 2337 -025.1 199.54
06.987 2318 -025.1 199.62
06.987 2318 -025.1 199.70
06.987 2318 -025.1 199.79
06.987 2318 -025.1 199.87
06.987 2318 -025.1 199.95
06.987 2318 -025.1 200.05
06.987 2318 -025.1 200.13
07.331 2299 -025.3 200.21
07.331 2299 -025.3 200.30
07.331 2299 -025.3 200.38
07.331 2299 -025.3 200.47
07.331 2299 -025.3 200.57
07.331 2299 -025.3 200.65
07.331 2299 -025.3 200.73
07.241 2299 -025.4 200.82
07.241 2299 -025.4 200.91
07.241 2299 -025.4 200.99
07.241 2299 -025.4 201.08
07.241 2299 -025.4 201.16
07.241 2299 -025.4 201.26
07.241 2299 -025.4 201.35
07.444 2299 -025.4 201.44
07.444 2299 -025.4 201.54
07.444 2299 -025.4 201.63
07.444 2299 -025.4 201.72
07.444 2299 -025.4 201.81
07.444 2299 -025.4 201.89
07.444 2299 -025.4 201.98
05.821 2318 -025.6 202.07
05.821 2318 -025.6 202.15
05.821 2318 -025.6 202.23
05.821 2318 -025.6 202.31
05.821 2318 -025.6 202.39
05.821 2318 -025.6 202.47
05.821 2318 -025.6 202.56
03.771 2375 -025.5 202.64
03.771 2375 -025.5 202.73
03.771 2375 -025.5 202.81
03.771 2375 -025.5 202.90
03.771 2375 -025.5 202.98
03.771 2375 -025.5 203.06
03.771 2375 -025.5 203.14
02.932 2432 -025.9 203.23
02.932 2432 -025.9 203.30
02.932 2432 -025.9 203.38
02.932 2432 -025.9 203.46
02.932 2432 -025.9 203.54
02.932 2432 -025.9 203.62
02.932 2432 -025.9 203.71
02.645 2413 -025.9 203.81
02.645 2413 -026.2 203.89
02.645 2413 -026.2 203.97
02.645 2413 -026.2 204.06
02.645 2413 -026.2 204.15
02.645 2413 -026.2 204.25
02.645 2413 -026.2 204.33
02.43 2432 -026.2 204.41
02.43 2432 -026.1 204.49
02.43 2432 -026.1 204.58
02.43 2432 -026.1 204.66
02.43 2432 -026.1 204.75
02.43 2432 -026.1 204.84
02.43 2432 -026.1 204.92
02.43 2432 -026.1 205.00
02.125 2413 -026.2 205.09
02.125 2413 -026.2 205.17
02.125 2413 -026.2 205.26
02.125 2413 -026.2 205.34
02.125 2413 -026.2 205.42
02.125 2413 -026.2 205.51
02.125 2413 -026.2 205.59
02.014 2413 -026.3 205.67
02.014 2413 -026.3 205.76
02.014 2413 -026.3 205.84
02.014 2413 -026.3 205.92
02.014 2413 -026.3 206.01
02.014 2413 -026.3 206.10
02.014 2413 -026.3 206.19
01.908 2394 -026.6 206.27
01.908 2394 -026.6 206.35
01.908 2394 -026.6 206.44
01.908 2394 -026.6 206.52
01.908 2394 -026.6 206.61
01.908 2394 -026.6 206.70
01.908 2394 -026.6 206.78
01.857 2394 -026.5 206.86
01.857 2394 -026.5 206.94
01.857 2394 -026.5 207.02
01.857 2394 -026.5 207.12
01.857 2394 -026.5 207.21
01.857 2394 -026.5 207.29
01.857 2394 -026.5 207.38
01.889 2413 -026.6 207.47
01.889 2413 -026.6 207.55
01.889 2413 -026.6 207.63
01.889 2413 -026.6 207.72
01.889 2413 -026.6 207.80
01.889 2413 -026.6 207.90
01.889 2413 -026.6 207.99
01.839 2394 -026.4 208.07
01.839 2394 -026.4 208.15
01.839 2394 -026.4 208.24
01.839 2394 -026.4 208.32
