03.507 2451 -034.6 000.03
03.582 2432 -034.6 000.11
03.582 2432 -034.6 000.19
03.582 2432 -034.6 000.28
03.582 2432 -034.6 000.37
03.582 2432 -034.6 000.45
03.582 2432 -034.6 000.53
03.582 2432 -034.6 000.62
03.726 2413 -034.5 000.71
03.726 2413 -034.5 000.79
03.726 2413 -034.5 000.87
03.726 2413 -034.5 000.95
03.726 2413 -034.5 001.05
03.726 2413 -034.5 001.13
03.726 2413 -034.5 001.22
03.37 2432 -034.5 001.35
03.37 2432 -034.5 001.43
03.37 2432 -034.5 001.52
03.37 2432 -034.5 001.60
03.37 2432 -034.5 001.69
03.37 2432 -034.5 001.78
03.387 2432 -034.5 001.87
03.387 2432 -034.7 001.97
03.387 2432 -034.7 002.06
03.387 2432 -034.7 002.16
03.387 2432 -034.7 002.24
03.387 2432 -034.7 002.33
03.387 2432 -034.7 002.42
03.368 2451 -034.7 002.50
03.368 2451 -034.7 002.59
03.368 2451 -034.7 002.68
03.368 2451 -034.7 002.76
03.368 2451 -034.7 002.84
03.368 2451 -034.7 002.92
03.368 2451 -034.7 003.01
03.407 2413 -035.0 003.11
03.407 2413 -035.0 003.19
03.407 2413 -035.0 003.28
03.407 2413 -035.0 003.36
03.407 2413 -035.0 003.45
03.407 2413 -035.0 003.55
03.407 2413 -035.0 003.64
03.477 2432 -034.9 003.72
03.477 2432 -034.9 003.81
03.477 2432 -034.9 003.88
03.477 2432 -034.9 003.98
03.477 2432 -034.9 004.06
03.477 2432 -034.9 004.14
03.477 2432 -034.9 004.22
03.64 2432 -035.0 004.31
03.64 2432 -035.0 004.39
03.64 2432 -035.0 004.47
03.64 2432 -035.0 004.56
03.64 2432 -035.0 004.66
03.64 2432 -035.0 004.75
03.64 2432 -035.0 004.84
03.376 2432 -034.9 004.93
03.376 2432 -034.9 005.01
03.376 2432 -034.9 005.10
03.376 2432 -034.9 005.18
03.376 2432 -034.9 005.26
03.376 2432 -034.9 005.34
03.376 2432 -034.9 005.42
03.269 2432 -035.1 005.51
03.269 2432 -035.1 005.61
03.269 2432 -035.1 005.69
03.269 2432 -035.1 005.77
03.269 2432 -035.1 005.86
03.269 2432 -035.1 005.95
03.269 2432 -035.1 006.04
03.447 2432 -035.0 006.13
03.447 2432 -035.0 006.22
03.447 2432 -035.0 006.31
03.447 2432 -035.0 006.39
03.447 2432 -035.0 006.48
03.447 2432 -035.0 006.58
03.447 2432 -035.0 006.66
03.475 2432 -035.4 006.74
03.475 2432 -035.4 006.82
03.475 2432 -035.4 006.91
03.475 2432 -035.4 006.99
03.475 2432 -035.4 007.08
03.475 2432 -035.4 007.18
03.475 2432 -035.4 007.27
03.574 2432 -035.4 007.36
03.574 2432 -035.4 007.45
03.574 2432 -035.4 007.55
03.574 2432 -035.4 007.63
03.574 2432 -035.4 007.71
03.574 2432 -035.4 007.79
03.574 2432 -035.4 007.87
03.434 2432 -035.3 007.96
03.434 2432 -035.3 008.04
03.434 2432 -035.3 008.12
03.434 2432 -035.3 008.21
03.434 2432 -035.3 008.29
03.434 2432 -035.3 008.37
03.434 2432 -035.3 008.45
03.355 2432 -035.3 008.55
03.355 2432 -035.3 008.64
03.355 2432 -035.3 008.72
03.355 2432 -035.3 008.82
03.355 2432 -035.3 008.91
03.355 2432 -035.3 008.99
03.355 2432 -035.3 009.07
03.376 2432 -035.3 009.16
03.376 2432 -035.3 009.25
03.376 2432 -035.3 009.33
03.376 2432 -035.3 009.41
03.376 2432 -035.3 009.51
03.376 2432 -035.3 009.60
03.501 2432 -035.3 009.68
03.501 2413 -035.7 009.77
03.501 2413 -035.7 009.85
03.501 2413 -035.7 009.94
03.501 2413 -035.7 010.03
03.501 2413 -035.7 010.13
03.501 2413 -035.7 010.21
03.493 2432 -035.7 010.29
03.493 2432 -035.8 010.38
03.493 2432 -035.8 010.46
03.493 2432 -035.8 010.55
03.493 2432 -035.8 010.64
03.493 2432 -035.8 010.73
03.493 2432 -035.8 010.81
03.404 2432 -035.8 010.90
03.404 2432 -035.5 010.99
03.404 2432 -035.5 011.07
03.404 2432 -035.5 011.15
03.404 2432 -035.5 011.24
03.404 2432 -035.5 011.34
03.404 2432 -035.5 011.42
03.318 2432 -035.5 011.51
03.318 2470 -036.0 011.60
03.318 2470 -036.0 011.69
03.318 2470 -036.0 011.77
03.318 2470 -036.0 011.86
03.318 2470 -036.0 011.94
03.318 2470 -036.0 012.03
03.444 2470 -036.0 012.11
03.444 2432 -035.9 012.19
03.444 2432 -035.9 012.27
03.444 2432 -035.9 012.36
03.444 2432 -035.9 012.44
03.444 2432 -035.9 012.52
03.444 2432 -035.9 012.61
03.405 2432 -035.9 012.69
03.405 2432 -035.9 012.78
03.405 2432 -035.9 012.86
03.405 2432 -035.9 012.95
03.405 2432 -035.9 013.04
03.405 2432 -035.9 013.14
03.405 2432 -035.9 013.22
03.405 2432 -035.9 013.31
03.634 2432 -036.0 013.39
03.634 2432 -036.0 013.47
03.634 2432 -036.0 013.55
03.634 2432 -036.0 013.64
03.634 2432 -036.0 013.72
03.634 2432 -036.0 013.80
03.634 2432 -036.0 013.88
03.37 2432 -036.2 013.99
03.37 2432 -036.2 014.08
03.37 2432 -036.2 014.17
03.37 2432 -036.2 014.25
03.37 2432 -036.2 014.33
03.37 2432 -036.2 014.42
03.148 2470 -036.4 014.52
03.148 2470 -036.4 014.60
03.148 2470 -036.4 014.69
03.148 2470 -036.4 014.77
03.148 2470 -036.4 014.86
03.148 2470 -036.4 014.95
03.148 2470 -036.4 015.03
03.306 2432 -036.3 015.13
03.306 2432 -036.3 015.22
03.306 2432 -036.3 015.30
03.306 2432 -036.3 015.38
03.306 2432 -036.3 015.48
03.306 2432 -036.3 015.57
03.306 2432 -036.3 015.67
03.203 2451 -036.2 015.75
03.203 2451 -036.2 015.83
03.203 2451 -036.2 015.91
03.203 2451 -036.2 016.00
03.203 2451 -036.2 016.08
03.203 2451 -036.2 016.16
03.203 2451 -036.2 016.24
03.321 2451 -036.2 016.33
03.321 2432 -036.4 016.41
03.321 2432 -036.4 016.50
03.321 2432 -036.4 016.59
03.321 2432 -036.4 016.67
03.321 2432 -036.4 016.76
03.321 2432 -036.4 016.84
03.423 2432 -036.4 016.92
03.423 2451 -036.4 017.01
03.423 2451 -036.4 017.09
03.423 2451 -036.4 017.17
03.423 2451 -036.4 017.25
03.423 2451 -036.4 017.34
03.423 2451 -036.4 017.42
03.423 2451 -036.4 017.51
03.141 2470 -036.8 017.60
03.141 2470 -036.8 017.68
03.141 2470 -036.8 017.76
03.141 2470 -036.8 017.84
03.141 2470 -036.8 017.92
03.141 2470 -036.8 018.02
03.141 2470 -036.8 018.10
02.986 2451 -036.8 018.18
02.986 2451 -036.8 018.26
02.986 2451 -036.8 018.35
02.986 2451 -036.8 018.43
02.986 2451 -036.8 018.52
02.986 2451 -036.8 018.61
02.986 2451 -036.8 018.70
03.028 2432 -036.8 018.78
03.028 2432 -036.8 018.86
03.028 2432 -036.8 018.96
03.028 2432 -036.8 019.04
03.028 2432 -036.8 019.13
03.028 2432 -036.8 019.22
03.028 2432 -036.8 019.30
02.916 2432 -036.7 019.38
02.916 2432 -036.7 019.47
02.916 2432 -036.7 019.55
02.916 2432 -036.7 019.64
02.916 2432 -036.7 019.72
02.916 2432 -036.7 019.82
02.916 2432 -036.7 019.92
02.991 2470 -036.9 020.00
02.991 2470 -036.9 020.10
02.991 2470 -036.9 020.20
02.991 2470 -036.9 020.29
02.991 2470 -036.9 020.37
02.991 2470 -036.9 020.46
03.034 2451 -036.9 020.55
03.034 2451 -036.9 020.63
03.034 2451 -036.9 020.71
03.034 2451 -036.9 020.81
03.034 2451 -036.9 020.89
03.034 2451 -036.9 020.98
03.034 2451 -036.9 021.07
02.898 2451 -036.9 021.15
02.898 2451 -037.0 021.24
02.898 2451 -037.0 021.32
02.898 2451 -037.0 021.40
02.898 2451 -037.0 021.48
02.898 2451 -037.0 021.57
02.898 2451 -037.0 021.65
02.987 2432 -037.0 021.73
02.987 2432 -036.8 021.82
02.987 2432 -036.8 021.91
02.987 2432 -036.8 022.00
02.987 2432 -036.8 022.08
02.987 2432 -036.8 022.17
02.987 2432 -036.8 022.25
02.746 2432 -036.8 022.34
02.746 2432 -036.9 022.42
02.746 2432 -036.9 022.52
02.746 2432 -036.9 022.60
02.746 2432 -036.9 022.68
02.746 2432 -036.9 022.76
02.746 2432 -036.9 022.85
02.746 2432 -036.9 022.94
02.54 2489 -037.1 023.02
02.54 2489 -037.1 023.10
02.54 2489 -037.1 023.18
02.54 2489 -037.1 023.27
02.54 2489 -037.1 023.36
02.54 2489 -037.1 023.45
02.506 2451 -037.1 023.53
02.506 2451 -037.2 023.62
02.506 2451 -037.2 023.70
02.506 2451 -037.2 023.79
02.506 2451 -037.2 023.89
02.506 2451 -037.2 023.98
02.506 2451 -037.2 024.08
02.441 2451 -037.2 024.16
02.441 2451 -037.2 024.24
02.441 2451 -037.2 024.33
02.441 2451 -037.2 024.41
02.441 2451 -037.2 024.49
02.441 2451 -037.2 024.57
02.441 2451 -037.2 024.66
02.511 2451 -037.2 024.74
02.511 2451 -037.1 024.84
02.511 2451 -037.1 024.92
02.511 2451 -037.1 025.02
02.511 2451 -037.1 025.11
02.511 2451 -037.1 025.19
02.511 2451 -037.1 025.28
02.428 2451 -037.2 025.37
02.428 2451 -037.2 025.45
02.428 2451 -037.2 025.54
02.428 2451 -037.2 025.63
02.428 2451 -037.2 025.71
02.428 2451 -037.2 025.79
02.428 2451 -037.2 025.88
02.47 2451 -037.5 025.97
02.47 2451 -037.5 026.05
02.47 2451 -037.5 026.14
02.47 2451 -037.5 026.22
02.47 2451 -037.5 026.31
02.47 2451 -037.5 026.39
02.47 2451 -037.5 026.48
02.472 2451 -037.5 026.56
02.472 2451 -037.3 026.65
02.472 2451 -037.3 026.74
