01.86 1748 047.2 000.04
01.86 1748 047.2 000.12
01.86 1748 047.2 000.21
01.811 1710 047.4 000.29
01.811 1710 047.4 000.38
01.811 1710 047.4 000.46
01.811 1710 047.4 000.55
01.811 1710 047.4 000.63
01.811 1710 047.4 000.72
01.811 1710 047.4 000.81
01.962 1729 047.4 000.88
01.962 1729 047.4 000.98
01.962 1729 047.4 001.12
01.962 1729 047.4 001.20
01.962 1729 047.4 001.29
01.962 1729 047.4 001.38
01.965 1729 047.4 001.47
01.965 1710 047.5 001.55
01.965 1710 047.5 001.64
01.965 1710 047.5 001.73
01.965 1710 047.5 001.81
01.965 1710 047.5 001.91
01.965 1710 047.5 002.00
01.886 1729 047.4 002.08
01.886 1729 047.4 002.16
01.886 1729 047.4 002.25
01.886 1729 047.4 002.33
01.886 1729 047.4 002.41
01.886 1729 047.4 002.51
01.886 1729 047.4 002.61
02.009 1729 047.3 002.70
02.009 1729 047.3 002.78
02.009 1729 047.3 002.86
02.009 1729 047.3 002.94
02.009 1729 047.3 003.05
02.009 1729 047.3 003.13
02.009 1729 047.3 003.23
01.813 1748 047.2 003.32
01.813 1748 047.2 003.40
01.813 1748 047.2 003.50
01.813 1748 047.2 003.59
01.813 1748 047.2 003.67
01.813 1748 047.2 003.78
01.866 1729 047.2 003.87
01.866 1729 047.0 003.95
01.866 1729 047.0 004.05
01.866 1729 047.0 004.13
01.866 1729 047.0 004.21
01.866 1729 047.0 004.30
01.866 1729 047.0 004.38
01.936 1729 047.0 004.46
01.936 1710 047.1 004.54
01.936 1710 047.1 004.64
01.936 1710 047.1 004.72
01.936 1710 047.1 004.82
01.936 1710 047.1 004.92
01.936 1710 047.1 005.01
01.931 1729 046.9 005.09
01.931 1729 046.9 005.17
01.931 1729 046.9 005.27
01.931 1729 046.9 005.35
01.931 1729 046.9 005.45
01.931 1729 046.9 005.55
01.931 1729 046.9 005.63
02.044 1729 047.0 005.71
02.044 1729 047.0 005.81
02.044 1729 047.0 005.89
02.044 1729 047.0 005.98
02.044 1729 047.0 006.06
02.044 1729 047.0 006.14
02.044 1729 047.0 006.23
02.031 1729 046.8 006.31
02.031 1729 046.8 006.39
02.031 1729 046.8 006.49
02.031 1729 046.8 006.56
02.031 1729 046.8 006.65
02.031 1729 046.8 006.73
02.031 1729 046.8 006.82
02.054 1729 046.8 006.90
02.054 1729 046.8 006.98
02.054 1729 046.8 007.06
02.054 1729 046.8 007.14
02.054 1729 046.8 007.23
02.054 1729 046.8 007.32
02.054 1729 046.8 007.41
02.164 1710 046.8 007.49
02.164 1710 046.8 007.59
02.164 1710 046.8 007.67
02.164 1710 046.8 007.75
02.164 1710 046.8 007.84
02.164 1710 046.8 007.92
02.164 1710 046.8 008.00
01.97 1710 046.8 008.08
01.97 1710 046.9 008.17
01.97 1710 046.9 008.25
01.97 1710 046.9 008.34
01.97 1710 046.9 008.42
01.97 1710 046.9 008.50
01.97 1710 046.9 008.59
01.97 1710 046.9 008.67
02.056 1729 046.7 008.75
02.056 1729 046.7 008.83
02.056 1729 046.7 008.91
02.056 1729 046.7 009.00
02.056 1729 046.7 009.08
02.056 1729 046.7 009.16
02.056 1729 046.7 009.24
02.064 1710 046.7 009.33
02.064 1710 046.7 009.41
02.064 1710 046.7 009.50
02.064 1710 046.7 009.58
02.064 1710 046.7 009.66
02.064 1710 046.7 009.74
02.064 1710 046.7 009.82
02.004 1710 047.0 009.91
02.004 1710 047.0 009.99
02.004 1710 047.0 010.08
02.004 1710 047.0 010.16
02.004 1710 047.0 010.24
02.004 1710 047.0 010.36
02.004 1710 047.0 010.45
02.103 1710 046.9 010.53
02.103 1710 046.9 010.62
02.103 1710 046.9 010.70
02.103 1710 046.9 010.79
02.103 1710 046.9 010.87
02.103 1710 046.9 010.96
02.103 1710 046.9 011.05
02.035 1729 046.5 011.15
02.035 1729 046.5 011.23
02.035 1729 046.5 011.31
02.035 1729 046.5 011.40
02.035 1729 046.5 011.49
02.035 1729 046.5 011.57
02.035 1729 046.5 011.66
02.119 1729 046.6 011.74
02.119 1729 046.6 011.82
02.119 1729 046.6 011.91
02.119 1729 046.6 012.00
02.119 1729 046.6 012.09
02.119 1729 046.6 012.19
02.119 1729 046.6 012.28
02.112 1729 046.5 012.38
02.112 1729 046.5 012.46
02.112 1729 046.5 012.55
02.112 1729 046.5 012.64
02.112 1729 046.5 012.73
02.112 1729 046.5 012.81
02.19 1729 046.5 012.91
02.19 1710 046.5 012.99
02.19 1710 046.5 013.07
02.19 1710 046.5 013.16
02.19 1710 046.5 013.25
02.19 1710 046.5 013.34
02.19 1710 046.5 013.43
02.252 1729 046.5 013.52
02.252 1729 046.5 013.60
02.252 1729 046.5 013.69
02.252 1729 046.5 013.78
02.252 1729 046.5 013.86
02.252 1729 046.5 013.95
02.252 1729 046.5 014.04
02.148 1729 046.5 014.13
02.148 1710 046.3 014.22
02.148 1710 046.3 014.31
02.148 1710 046.3 014.40
02.148 1710 046.3 014.48
02.148 1710 046.3 014.56
02.148 1710 046.3 014.65
02.119 1691 046.3 014.73
02.119 1691 046.3 014.81
02.119 1691 046.3 014.90
02.119 1691 046.3 014.98
02.119 1691 046.3 015.06
02.119 1691 046.3 015.14
02.119 1691 046.3 015.22
02.244 1691 046.3 015.31
02.244 1729 046.4 015.40
02.244 1729 046.4 015.48
02.244 1729 046.4 015.57
02.244 1729 046.4 015.65
02.244 1729 046.4 015.74
02.244 1729 046.4 015.82
02.159 1710 046.4 015.90
02.159 1710 046.2 015.98
02.159 1710 046.2 016.06
02.159 1710 046.2 016.14
02.159 1710 046.2 016.23
02.159 1710 046.2 016.31
02.159 1710 046.2 016.40
02.159 1710 046.2 016.49
02.077 1729 046.1 016.58
02.077 1729 046.1 016.66
02.077 1729 046.1 016.74
02.077 1729 046.1 016.82
02.077 1729 046.1 016.90
02.077 1729 046.1 016.98
02.077 1729 046.1 017.07
02.151 1710 046.0 017.15
02.151 1710 046.0 017.24
02.151 1710 046.0 017.32
02.151 1710 046.0 017.40
02.151 1710 046.0 017.49
02.151 1710 046.0 017.57
02.151 1710 046.0 017.65
02.184 1710 045.9 017.75
02.184 1710 045.9 017.83
02.184 1710 045.9 017.92
02.184 1710 045.9 018.00
02.184 1710 045.9 018.08
02.184 1710 045.9 018.17
02.184 1710 045.9 018.25
02.171 1691 045.9 018.33
02.171 1691 046.2 018.41
02.171 1691 046.2 018.50
02.171 1691 046.2 018.58
02.171 1691 046.2 018.66
02.171 1691 046.2 018.75
02.171 1691 046.2 018.83
02.171 1691 046.2 018.92
02.236 1710 046.2 019.00
02.236 1710 046.2 019.10
02.236 1710 046.2 019.18
02.236 1710 046.2 019.26
02.236 1710 046.2 019.34
02.236 1710 046.2 019.43
02.265 1710 046.2 019.51
02.265 1710 046.1 019.59
02.265 1710 046.1 019.67
02.265 1710 046.1 019.76
02.265 1710 046.1 019.84
02.265 1710 046.1 019.92
02.265 1710 046.1 020.00
02.265 1710 046.1 020.08
02.198 1710 046.0 020.17
02.198 1710 046.0 020.26
02.198 1710 046.0 020.35
02.198 1710 046.0 020.43
02.198 1710 046.0 020.51
02.198 1710 046.0 020.61
02.198 1710 046.0 020.69
02.135 1710 045.9 020.77
02.135 1710 045.9 020.85
02.135 1710 045.9 020.93
02.135 1710 045.9 021.01
02.135 1710 045.9 021.09
02.135 1710 045.9 021.18
02.135 1710 045.9 021.27
02.054 1729 045.8 021.36
02.054 1729 045.8 021.44
02.054 1729 045.8 021.52
02.054 1729 045.8 021.62
02.054 1729 045.8 021.70
02.054 1729 045.8 021.79
02.054 1729 045.8 021.88
02.1 1710 045.7 021.97
02.1 1710 045.7 022.06
02.1 1710 045.7 022.14
02.1 1710 045.7 022.22
02.1 1710 045.7 022.30
02.1 1710 045.7 022.39
02.1 1710 045.7 022.49
02.116 1748 045.7 022.57
02.116 1748 045.7 022.65
02.116 1748 045.7 022.74
02.116 1748 045.7 022.82
02.116 1748 045.7 022.91
02.116 1748 045.7 022.99
02.116 1748 045.7 023.07
02.13 1729 045.8 023.15
02.13 1729 045.8 023.23
02.13 1729 045.8 023.32
02.13 1729 045.8 023.40
02.13 1729 045.8 023.48
02.13 1729 045.8 023.56
02.13 1729 045.8 023.64
02.161 1729 045.8 023.73
02.161 1710 045.6 023.82
02.161 1710 045.6 023.90
02.161 1710 045.6 023.98
02.161 1710 045.6 024.06
02.161 1710 045.6 024.16
02.161 1710 045.6 024.24
02.156 1710 045.6 024.33
02.156 1710 045.3 024.41
02.156 1710 045.3 024.49
02.156 1710 045.3 024.59
02.156 1710 045.3 024.67
02.156 1710 045.3 024.75
02.156 1710 045.3 024.83
02.156 1710 045.3 024.92
02.192 1691 045.4 025.00
02.192 1691 045.4 025.08
02.192 1691 045.4 025.16
02.192 1691 045.4 025.24
02.192 1691 045.4 025.33
02.192 1691 045.4 025.42
02.192 1691 045.4 025.50
02.232 1691 045.5 025.58
02.232 1691 045.5 025.67
02.232 1691 045.5 025.75
02.232 1691 045.5 025.83
02.232 1691 045.5 025.91
02.232 1691 045.5 025.99
02.232 1691 045.5 026.08
02.289 1710 045.2 026.17
02.289 1710 045.2 026.27
02.289 1710 045.2 026.35
02.289 1710 045.2 026.43
02.289 1710 045.2 026.54
02.289 1710 045.2 026.62
02.289 1710 045.2 026.71
02.111 1691 045.4 026.80
02.111 1691 045.4 026.87
02.111 1691 045.4 026.95
02.111 1691 045.4 027.03
02.111 1691 045.4 027.12
02.111 1691 045.4 027.20
02.111 1691 045.4 027.28
02.237 1729 045.0 027.37
02.237 1729 045.0 027.45
02.237 1729 045.0 027.54
02.237 1729 045.0 027.62
02.237 1729 045.0 027.70
02.237 1729 045.0 027.78
02.237 1729 045.0 027.86
02.087 1691 045.0 027.96
02.087 1691 045.3 028.05
02.087 1691 045.3 028.13
02.087 1691 045.3 028.23
02.087 1691 045.3 028.31
02.087 1691 045.3 028.39
02.087 1691 045.3 028.49
02.239 1691 045.3 028.57
02.239 1691 045.3 028.67
02.239 1691 045.3 028.76
02.239 1691 045.3 028.84
02.239 1691 045.3 028.92
02.239 1691 045.3 029.00
02.239 1691 045.3 029.08
02.137 1710 045.2 029.17
02.137 1710 045.2 029.25
02.137 1710 045.2 029.34
02.137 1710 045.2 029.42
02.137 1710 045.2 029.50
02.137 1710 045.2 029.58
02.137 1710 045.2 029.66
02.137 1710 045.2 029.75
02.385 1710 045.4 029.83
02.385 1710 045.4 029.93
02.385 1710 045.4 030.01
02.385 1710 045.4 030.10
02.385 1710 045.4 030.20
02.385 1710 045.4 030.28
02.208 1691 045.0 030.37
02.208 1691 045.0 030.44
02.208 1691 045.0 030.54
02.208 1691 045.0 030.62
02.208 1691 045.0 030.71
02.208 1691 045.0 030.80
02.208 1691 045.0 030.89
02.125 1691 045.0 030.97
02.125 1691 044.9 031.05
02.125 1691 044.9 031.13
02.125 1691 044.9 031.21
02.125 1691 044.9 031.30
02.125 1691 044.9 031.38
02.125 1691 044.9 031.46
02.075 1691 044.9 031.54
02.075 1710 045.0 031.63
02.075 1710 045.0 031.71
02.075 1710 045.0 031.80
02.075 1710 045.0 031.88
02.075 1710 045.0 031.97
02.075 1710 045.0 032.05
02.075 1710 045.0 032.13
02.163 1729 045.0 032.21
02.163 1729 045.0 032.30
02.163 1729 045.0 032.38
02.163 1729 045.0 032.46
02.163 1729 045.0 032.55
02.163 1729 045.0 032.63
02.163 1729 045.0 032.71
02.083 1710 045.0 032.80
02.083 1710 045.0 032.88
02.083 1710 045.0 032.96
02.083 1710 045.0 033.06
02.083 1710 045.0 033.15
02.083 1710 045.0 033.23
02.083 1710 045.0 033.32
02.184 1729 044.7 033.40
02.184 1729 044.7 033.48
02.184 1729 044.7 033.57
02.184 1729 044.7 033.65
02.184 1729 044.7 033.74
02.184 1729 044.7 033.81
02.184 1729 044.7 033.90
01.938 1729 044.8 033.98
01.938 1729 044.8 034.06
01.938 1729 044.8 034.14
01.938 1729 044.8 034.22
01.938 1729 044.8 034.31
01.938 1729 044.8 034.39
01.938 1729 044.8 034.47
