01.895 2318 010.6 000.03
01.895 2318 010.6 000.11
01.847 2280 010.5 000.19
01.847 2280 010.5 000.27
01.847 2280 010.5 000.35
01.847 2280 010.5 000.43
01.847 2280 010.5 000.51
01.847 2280 010.5 000.60
01.847 2280 010.5 000.69
01.865 2280 010.7 000.78
01.865 2280 010.7 000.87
01.865 2280 010.7 000.95
01.865 2280 010.7 001.02
01.865 2280 010.7 001.11
01.865 2280 010.7 001.22
01.865 2280 010.7 001.32
02.453 2280 010.5 001.41
02.453 2280 010.5 001.50
02.453 2280 010.5 001.58
02.453 2280 010.5 001.66
02.453 2280 010.5 001.74
02.453 2280 010.5 001.83
02.453 2280 010.5 001.92
01.921 2299 010.3 002.00
01.921 2299 010.3 002.09
01.921 2299 010.3 002.18
01.921 2299 010.3 002.26
01.921 2299 010.3 002.34
01.921 2299 010.3 002.42
01.921 2299 010.3 002.51
01.766 2318 010.3 002.59
01.766 2318 010.1 002.67
01.766 2318 010.1 002.76
01.766 2318 010.1 002.85
01.766 2318 010.1 002.93
01.766 2318 010.1 003.01
01.766 2318 010.1 003.09
01.881 2318 010.1 003.18
01.881 2299 009.9 003.26
01.881 2299 009.9 003.36
01.881 2299 009.9 003.44
01.881 2299 009.9 003.52
01.881 2299 009.9 003.61
01.881 2299 009.9 003.69
01.563 2299 009.9 003.79
01.563 2318 010.0 003.87
01.563 2318 010.0 003.95
01.563 2318 010.0 004.03
01.563 2318 010.0 004.11
01.563 2318 010.0 004.20
01.563 2318 010.0 004.28
01.563 2318 010.0 004.36
01.524 2356 010.0 004.44
01.524 2356 010.0 004.52
01.524 2356 010.0 004.62
01.524 2356 010.0 004.70
01.524 2356 010.0 004.79
01.524 2356 010.0 004.87
01.524 2356 010.0 004.95
01.756 2299 009.7 005.03
01.756 2299 009.7 005.12
01.756 2299 009.7 005.20
01.756 2299 009.7 005.28
01.756 2299 009.7 005.38
01.756 2299 009.7 005.46
01.756 2299 009.7 005.55
01.829 2299 009.7 005.63
01.829 2299 009.7 005.71
01.829 2299 009.7 005.82
01.829 2299 009.7 005.89
01.829 2299 009.7 005.98
01.829 2299 009.7 006.07
01.829 2299 009.7 006.16
01.662 2299 009.6 006.23
01.662 2299 009.6 006.32
01.662 2299 009.6 006.42
01.662 2299 009.6 006.49
01.662 2299 009.6 006.58
01.662 2299 009.6 006.66
01.662 2299 009.6 006.74
01.813 2299 009.8 006.82
01.813 2299 009.8 006.90
01.813 2299 009.8 006.99
01.813 2299 009.8 007.07
01.813 2299 009.8 007.16
01.813 2299 009.8 007.24
01.813 2299 009.8 007.34
01.792 2299 009.8 007.42
01.792 2299 009.8 007.51
01.792 2299 009.8 007.59
01.792 2299 009.8 007.68
01.792 2299 009.8 007.77
01.792 2299 009.8 007.85
01.792 2299 009.8 007.93
01.767 2299 009.6 008.01
01.767 2299 009.6 008.10
01.767 2299 009.6 008.18
01.767 2299 009.6 008.26
01.767 2299 009.6 008.34
01.767 2299 009.6 008.44
01.767 2299 009.6 008.52
01.767 2299 009.6 008.60
01.523 2318 009.5 008.69
01.523 2318 009.5 008.77
01.523 2318 009.5 008.85
01.523 2318 009.5 008.93
01.523 2318 009.5 009.02
01.523 2318 009.5 009.10
01.523 2318 009.5 009.18
01.745 2299 009.6 009.26
01.745 2299 009.6 009.35
01.745 2299 009.6 009.43
01.745 2299 009.6 009.52
01.745 2299 009.6 009.60
01.745 2299 009.6 009.70
01.745 2299 009.6 009.79
01.873 2280 009.4 009.88
01.873 2280 009.4 009.96
01.873 2280 009.4 010.03
01.873 2280 009.4 010.12
01.873 2280 009.4 010.21
01.873 2280 009.4 010.30
01.873 2280 009.4 010.38
01.915 2299 009.4 010.46
01.915 2299 009.4 010.54
01.915 2299 009.4 010.62
01.915 2299 009.4 010.70
01.915 2299 009.4 010.79
01.915 2299 009.4 010.87
01.915 2299 009.4 010.95
01.832 2280 009.3 011.05
01.832 2280 009.3 011.13
01.832 2280 009.3 011.21
01.832 2280 009.3 011.31
01.832 2280 009.3 011.40
01.832 2280 009.3 011.49
01.832 2280 009.3 011.57
01.638 2299 009.2 011.66
01.638 2299 009.2 011.74
01.638 2299 009.2 011.83
01.638 2299 009.2 011.91
01.638 2299 009.2 011.99
01.638 2299 009.2 012.07
01.638 2299 009.2 012.18
01.772 2318 009.0 012.26
01.772 2318 009.0 012.35
01.772 2318 009.0 012.44
01.772 2318 009.0 012.52
01.772 2318 009.0 012.60
01.772 2318 009.0 012.69
01.772 2318 009.0 012.77
01.714 2280 009.1 012.86
01.714 2280 009.1 012.94
01.714 2280 009.1 013.02
01.714 2280 009.1 013.10
01.714 2280 009.1 013.19
01.714 2280 009.1 013.27
01.714 2280 009.1 013.35
01.81 2299 009.0 013.43
01.81 2299 009.0 013.51
01.81 2299 009.0 013.61
01.81 2299 009.0 013.70
01.81 2299 009.0 013.80
01.81 2299 009.0 013.89
01.81 2299 009.0 013.98
01.857 2280 009.0 014.06
01.857 2280 009.0 014.16
01.857 2280 009.0 014.24
01.857 2280 009.0 014.33
01.857 2280 009.0 014.42
01.857 2280 009.0 014.52
01.857 2280 009.0 014.60
01.793 2299 008.6 014.69
01.793 2299 008.6 014.78
01.793 2299 008.6 014.88
01.793 2299 008.6 014.96
01.793 2299 008.6 015.04
01.793 2299 008.6 015.12
01.793 2299 008.6 015.20
01.686 2280 008.8 015.29
01.686 2280 008.8 015.37
01.686 2280 008.8 015.45
01.686 2280 008.8 015.53
01.686 2280 008.8 015.61
01.686 2280 008.8 015.70
01.686 2280 008.8 015.78
01.709 2318 008.7 015.86
01.709 2318 008.7 015.95
01.709 2318 008.7 016.03
01.709 2318 008.7 016.12
01.709 2318 008.7 016.20
01.709 2318 008.7 016.28
01.709 2318 008.7 016.36
01.696 2318 008.6 016.44
01.696 2318 008.6 016.52
01.696 2318 008.6 016.61
01.696 2318 008.6 016.69
01.696 2318 008.6 016.78
01.696 2318 008.6 016.86
01.696 2318 008.6 016.96
01.751 2318 008.7 017.05
01.751 2318 008.7 017.13
01.751 2318 008.7 017.21
01.751 2318 008.7 017.29
01.751 2318 008.7 017.40
01.751 2318 008.7 017.48
01.751 2318 008.7 017.56
01.771 2299 008.5 017.64
01.771 2299 008.5 017.73
01.771 2299 008.5 017.81
01.771 2299 008.5 017.90
01.771 2299 008.5 017.98
01.771 2299 008.5 018.06
01.771 2299 008.5 018.14
01.771 2299 008.5 018.23
01.649 2318 008.4 018.31
01.649 2318 008.4 018.39
01.649 2318 008.4 018.47
01.649 2318 008.4 018.55
01.649 2318 008.4 018.65
01.649 2318 008.4 018.74
01.816 2318 008.4 018.84
01.816 2299 008.4 018.94
01.816 2299 008.4 019.02
01.816 2299 008.4 019.10
01.816 2299 008.4 019.18
01.816 2299 008.4 019.27
01.816 2299 008.4 019.35
01.816 2299 008.4 019.43
01.696 2299 008.4 019.51
01.696 2299 008.4 019.59
01.696 2299 008.4 019.68
01.696 2299 008.4 019.76
01.696 2299 008.4 019.84
01.696 2299 008.4 019.93
01.696 2299 008.4 020.02
01.771 2299 008.1 020.10
01.771 2299 008.1 020.19
01.771 2299 008.1 020.27
01.771 2299 008.1 020.35
01.771 2299 008.1 020.43
01.771 2299 008.1 020.51
01.771 2299 008.1 020.59
01.72 2280 008.0 020.68
01.72 2280 008.0 020.76
01.72 2280 008.0 020.84
01.72 2280 008.0 020.92
01.72 2280 008.0 021.02
01.72 2280 008.0 021.10
01.72 2280 008.0 021.19
01.682 2318 008.1 021.28
01.682 2318 008.1 021.36
01.682 2318 008.1 021.44
01.682 2318 008.1 021.52
01.682 2318 008.1 021.61
01.682 2318 008.1 021.69
01.682 2318 008.1 021.79
01.748 2299 008.2 021.87
01.748 2299 008.2 021.95
01.748 2299 008.2 022.03
01.748 2299 008.2 022.11
01.748 2299 008.2 022.20
01.748 2299 008.2 022.29
01.748 2299 008.2 022.38
02.634 2299 008.2 022.46
02.634 2299 008.0 022.55
02.634 2299 008.0 022.63
02.634 2299 008.0 022.71
02.634 2299 008.0 022.81
02.634 2299 008.0 022.89
02.634 2299 008.0 022.97
02.587 2299 008.0 023.05
02.587 2299 007.7 023.14
02.587 2299 007.7 023.22
02.587 2299 007.7 023.30
02.587 2299 007.7 023.39
02.587 2299 007.7 023.47
02.587 2299 007.7 023.55
02.587 2299 007.7 023.63
01.761 2299 007.8 023.72
01.761 2299 007.8 023.81
01.761 2299 007.8 023.89
01.761 2299 007.8 023.97
01.761 2299 007.8 024.05
01.761 2299 007.8 024.14
01.761 2299 007.8 024.22
01.868 2299 007.7 024.30
01.868 2299 007.7 024.38
01.868 2299 007.7 024.46
01.868 2299 007.7 024.54
01.868 2299 007.7 024.62
01.868 2299 007.7 024.71
01.868 2299 007.7 024.79
01.73 2280 007.8 024.87
01.73 2280 007.8 024.95
01.73 2280 007.8 025.03
01.73 2280 007.8 025.13
01.73 2280 007.8 025.21
01.73 2280 007.8 025.30
01.73 2280 007.8 025.38
01.727 2299 007.8 025.46
01.727 2299 007.7 025.54
01.727 2299 007.7 025.62
01.727 2299 007.7 025.70
01.727 2299 007.7 025.79
01.727 2299 007.7 025.87
01.727 2299 007.7 025.95
01.727 2299 007.7 026.03
01.844 2280 007.4 026.11
01.844 2280 007.4 026.20
01.844 2280 007.4 026.29
01.844 2280 007.4 026.38
01.844 2280 007.4 026.46
01.844 2280 007.4 026.54
01.844 2280 007.4 026.62
01.895 2299 007.4 026.71
01.895 2299 007.4 026.79
01.895 2299 007.4 026.87
01.895 2299 007.4 026.96
01.895 2299 007.4 027.04
01.895 2299 007.4 027.12
01.895 2299 007.4 027.20
01.764 2318 007.5 027.29
01.764 2318 007.5 027.37
01.764 2318 007.5 027.45
01.764 2318 007.5 027.53
01.764 2318 007.5 027.62
01.764 2318 007.5 027.71
01.764 2318 007.5 027.79
01.894 2318 007.5 027.88
01.894 2318 007.2 027.96
01.894 2318 007.2 028.04
01.894 2318 007.2 028.12
01.894 2318 007.2 028.21
01.894 2318 007.2 028.29
01.894 2318 007.2 028.37
01.801 2318 007.2 028.47
01.801 2299 007.4 028.55
01.801 2299 007.4 028.64
01.801 2299 007.4 028.72
01.801 2299 007.4 028.80
01.801 2299 007.4 028.90
01.801 2299 007.4 028.98
01.69 2299 007.4 029.06
01.69 2299 007.2 029.14
01.69 2299 007.2 029.23
01.69 2299 007.2 029.31
01.69 2299 007.2 029.39
01.69 2299 007.2 029.48
01.69 2299 007.2 029.56
01.69 2299 007.2 029.64
01.644 2299 007.1 029.72
01.644 2299 007.1 029.80
01.644 2299 007.1 029.91
01.644 2299 007.1 029.99
01.644 2299 007.1 030.07
01.644 2299 007.1 030.16
01.644 2299 007.1 030.24
01.673 2280 007.1 030.33
01.673 2280 007.1 030.41
01.673 2280 007.1 030.49
01.673 2280 007.1 030.57
01.673 2280 007.1 030.65
01.673 2280 007.1 030.74
01.673 2280 007.1 030.82
01.696 2299 007.1 030.91
01.696 2299 007.1 030.99
01.696 2299 007.1 031.07
01.696 2299 007.1 031.15
01.696 2299 007.1 031.26
01.696 2299 007.1 031.34
01.696 2299 007.1 031.42
01.844 2337 006.9 031.51
01.844 2337 006.9 031.59
01.844 2337 006.9 031.68
01.844 2337 006.9 031.77
01.844 2337 006.9 031.85
01.844 2337 006.9 031.93
01.844 2337 006.9 032.01
01.801 2318 007.0 032.10
01.801 2318 007.0 032.18
01.801 2318 007.0 032.26
01.801 2318 007.0 032.34
01.801 2318 007.0 032.43
01.801 2318 007.0 032.51
01.801 2318 007.0 032.59
01.997 2318 007.0 032.68
01.997 2299 007.1 032.78
01.997 2299 007.1 032.88
01.997 2299 007.1 032.96
01.997 2299 007.1 033.04
01.997 2299 007.1 033.12
01.997 2299 007.1 033.22
01.881 2299 007.1 033.30
01.881 2299 006.9 033.40
01.881 2299 006.9 033.48
01.881 2299 006.9 033.56
01.881 2299 006.9 033.64
01.881 2299 006.9 033.73
01.881 2299 006.9 033.82
01.787 2299 006.8 033.91
01.787 2299 006.8 034.00
01.787 2299 006.8 034.10
01.787 2299 006.8 034.19
01.787 2299 006.8 034.27
01.787 2299 006.8 034.35
01.787 2299 006.8 034.44
01.743 2280 006.5 034.52
01.743 2280 006.5 034.62
01.743 2280 006.5 034.70
01.743 2280 006.5 034.78
01.743 2280 006.5 034.89
01.743 2280 006.5 034.97
