08.384 2679 127.9 000.03
08.384 2679 127.9 000.11
08.384 2679 127.9 000.20
08.384 2679 127.9 000.30
08.384 2679 127.9 000.39
08.16 2622 127.9 000.47
08.16 2622 127.6 000.55
08.16 2622 127.6 000.63
08.16 2622 127.6 000.71
08.16 2622 127.6 000.79
08.16 2622 127.6 000.88
08.16 2622 127.6 000.98
08.27 2641 127.4 001.10
08.27 2641 127.4 001.22
08.27 2641 127.4 001.31
08.27 2641 127.4 001.40
08.27 2641 127.4 001.48
08.27 2641 127.4 001.58
08.432 2622 127.3 001.67
08.432 2622 127.3 001.76
08.432 2622 127.3 001.84
08.432 2622 127.3 001.92
08.432 2622 127.3 002.01
08.432 2622 127.3 002.09
08.432 2622 127.3 002.17
08.259 2622 127.3 002.26
08.259 2641 127.3 002.35
08.259 2641 127.3 002.43
08.259 2641 127.3 002.53
08.259 2641 127.3 002.62
08.259 2641 127.3 002.72
08.259 2641 127.3 002.80
08.056 2622 127.0 002.90
08.056 2622 127.0 002.98
08.056 2622 127.0 003.09
08.056 2622 127.0 003.17
08.056 2622 127.0 003.24
08.056 2622 127.0 003.35
08.056 2622 127.0 003.43
08.035 2622 127.1 003.51
08.035 2622 127.1 003.59
08.035 2622 127.1 003.67
08.035 2622 127.1 003.75
08.035 2622 127.1 003.84
08.035 2622 127.1 003.92
08.035 2622 127.1 004.01
08.048 2641 127.2 004.09
08.048 2641 127.2 004.18
08.048 2641 127.2 004.28
08.048 2641 127.2 004.36
08.048 2641 127.2 004.46
08.048 2641 127.2 004.54
08.048 2641 127.2 004.62
07.802 2622 126.9 004.71
07.802 2622 126.9 004.80
07.802 2622 126.9 004.91
07.802 2622 126.9 004.99
07.802 2622 126.9 005.07
07.802 2622 126.9 005.15
07.802 2622 126.9 005.24
07.714 2603 126.6 005.32
07.714 2603 126.6 005.40
07.714 2603 126.6 005.48
07.714 2603 126.6 005.57
07.714 2603 126.6 005.64
07.714 2603 126.6 005.73
07.714 2603 126.6 005.81
08.238 2641 126.4 005.89
08.238 2641 126.4 005.98
08.238 2641 126.4 006.06
08.238 2641 126.4 006.14
08.238 2641 126.4 006.23
08.238 2641 126.4 006.31
08.238 2641 126.4 006.39
08.264 2603 126.3 006.48
08.264 2603 126.3 006.56
08.264 2603 126.3 006.65
08.264 2603 126.3 006.73
08.264 2603 126.3 006.83
08.264 2603 126.3 006.91
08.264 2603 126.3 007.00
08.055 2641 126.2 007.09
08.055 2641 126.2 007.17
08.055 2641 126.2 007.25
08.055 2641 126.2 007.35
08.055 2641 126.2 007.43
08.055 2641 126.2 007.52
08.055 2641 126.2 007.61
08.173 2603 126.1 007.69
08.173 2603 126.1 007.78
08.173 2603 126.1 007.86
08.173 2603 126.1 007.95
08.173 2603 126.1 008.03
08.173 2603 126.1 008.12
08.173 2603 126.1 008.20
08.418 2603 125.9 008.29
08.418 2603 125.9 008.37
08.418 2603 125.9 008.45
08.418 2603 125.9 008.53
08.418 2603 125.9 008.61
08.418 2603 125.9 008.69
08.418 2603 125.9 008.78
08.418 2603 125.9 008.86
08.447 2622 125.6 008.94
08.447 2622 125.6 009.03
08.447 2622 125.6 009.12
08.447 2622 125.6 009.20
08.447 2622 125.6 009.30
08.447 2622 125.6 009.38
08.447 2622 125.6 009.46
08.076 2622 125.4 009.55
08.076 2622 125.4 009.63
08.076 2622 125.4 009.73
08.076 2622 125.4 009.81
08.076 2622 125.4 009.92
08.076 2622 125.4 010.00
08.388 2603 125.4 010.08
08.388 2603 125.4 010.16
08.388 2603 125.4 010.24
08.388 2603 125.4 010.33
08.388 2603 125.4 010.41
08.388 2603 125.4 010.49
08.388 2603 125.4 010.58
08.388 2603 125.4 010.65
08.534 2603 125.5 010.74
08.534 2603 125.5 010.82
08.534 2603 125.5 010.90
08.534 2603 125.5 010.98
08.534 2603 125.5 011.07
08.534 2603 125.5 011.17
08.534 2603 125.5 011.26
08.299 2603 125.3 011.34
08.299 2603 125.3 011.42
08.299 2603 125.3 011.50
08.299 2603 125.3 011.59
08.299 2603 125.3 011.67
08.299 2603 125.3 011.75
08.299 2603 125.3 011.83
08.421 2603 125.1 011.93
08.421 2603 125.1 012.03
08.421 2603 125.1 012.11
08.421 2603 125.1 012.20
08.421 2603 125.1 012.28
08.421 2603 125.1 012.37
08.421 2603 125.1 012.47
08.81 2641 125.1 012.55
08.81 2641 125.1 012.63
08.81 2641 125.1 012.74
08.81 2641 125.1 012.82
08.81 2641 125.1 012.92
08.81 2641 125.1 013.00
08.682 2584 125.1 013.09
08.682 2584 125.0 013.19
08.682 2584 125.0 013.27
08.682 2584 125.0 013.35
08.682 2584 125.0 013.44
08.682 2584 125.0 013.52
08.682 2584 125.0 013.60
08.792 2603 125.0 013.70
08.792 2603 124.8 013.79
08.792 2603 124.8 013.88
08.792 2603 124.8 013.97
08.792 2603 124.8 014.05
08.792 2603 124.8 014.13
08.792 2603 124.8 014.21
09.135 2603 124.8 014.29
09.135 2584 124.8 014.37
09.135 2584 124.8 014.45
09.135 2584 124.8 014.55
09.135 2584 124.8 014.63
09.135 2584 124.8 014.73
09.135 2584 124.8 014.81
08.776 2584 124.8 014.89
08.776 2603 124.6 014.99
08.776 2603 124.6 015.07
08.776 2603 124.6 015.16
08.776 2603 124.6 015.26
08.776 2603 124.6 015.34
08.776 2603 124.6 015.44
09.041 2603 124.5 015.52
09.041 2603 124.5 015.61
09.041 2603 124.5 015.69
09.041 2603 124.5 015.78
09.041 2603 124.5 015.86
09.041 2603 124.5 015.96
09.041 2603 124.5 016.04
08.944 2584 124.4 016.12
08.944 2584 124.4 016.22
08.944 2584 124.4 016.31
08.944 2584 124.4 016.40
08.944 2584 124.4 016.48
08.944 2584 124.4 016.56
08.944 2584 124.4 016.64
09.093 2622 124.4 016.72
09.093 2622 124.1 016.81
09.093 2622 124.1 016.89
09.093 2622 124.1 016.98
09.093 2622 124.1 017.07
09.093 2622 124.1 017.15
09.093 2622 124.1 017.23
09.563 2603 124.2 017.32
09.563 2603 124.2 017.42
09.563 2603 124.2 017.51
09.563 2603 124.2 017.60
09.563 2603 124.2 017.68
09.563 2603 124.2 017.76
09.563 2603 124.2 017.86
09.726 2584 124.0 017.95
09.726 2584 124.0 018.05
09.726 2584 124.0 018.13
09.726 2584 124.0 018.23
09.726 2584 124.0 018.33
09.726 2584 124.0 018.41
09.726 2584 124.0 018.49
10.088 2565 123.7 018.58
10.088 2565 123.7 018.67
10.088 2565 123.7 018.76
10.088 2565 123.7 018.84
10.088 2565 123.7 018.93
10.088 2565 123.7 019.01
10.088 2565 123.7 019.10
10.721 2527 123.6 019.20
10.721 2527 123.6 019.28
10.721 2527 123.6 019.36
10.721 2527 123.6 019.44
10.721 2527 123.6 019.53
10.721 2527 123.6 019.61
10.721 2527 123.6 019.69
10.494 2527 123.8 019.78
10.494 2527 123.8 019.86
10.494 2527 123.8 019.95
10.494 2527 123.8 020.06
10.494 2527 123.8 020.14
10.494 2527 123.8 020.23
08.301 2603 123.1 020.33
08.301 2603 123.1 020.43
08.301 2603 123.1 020.51
08.301 2603 123.1 020.59
08.301 2603 123.1 020.68
08.301 2603 123.1 020.76
08.301 2603 123.1 020.85
07.011 2660 123.1 020.93
07.011 2660 123.1 021.01
07.011 2660 123.1 021.10
07.011 2660 123.1 021.20
07.011 2660 123.1 021.28
07.011 2660 123.1 021.37
07.011 2660 123.1 021.46
06.227 2698 122.9 021.54
06.227 2698 122.9 021.63
06.227 2698 122.9 021.71
06.227 2698 122.9 021.80
06.227 2698 122.9 021.88
06.227 2698 122.9 021.98
06.227 2698 122.9 022.07
06.302 2679 122.8 022.15
06.302 2679 122.8 022.25
06.302 2679 122.8 022.35
06.302 2679 122.8 022.44
06.302 2679 122.8 022.53
06.302 2679 122.8 022.62
06.302 2679 122.8 022.71
06.49 2717 122.7 022.79
06.49 2717 122.7 022.88
06.49 2717 122.7 022.96
06.49 2717 122.7 023.04
06.49 2717 122.7 023.13
