05.817 2812 -083.0 000.03
05.817 2812 -083.0 000.11
05.817 2812 -083.0 000.19
05.262 2850 -083.3 000.27
05.262 2850 -083.3 000.36
05.262 2850 -083.3 000.44
05.262 2850 -083.3 000.52
05.262 2850 -083.3 000.61
05.262 2850 -083.3 000.69
05.262 2850 -083.3 000.78
05.192 2850 -083.5 000.86
05.192 2850 -083.5 000.95
05.192 2850 -083.5 001.08
05.192 2850 -083.5 001.19
05.192 2850 -083.5 001.28
05.192 2850 -083.5 001.37
05.14 2850 -083.4 001.50
05.14 2850 -083.4 001.58
05.14 2850 -083.4 001.68
05.14 2850 -083.4 001.77
05.14 2850 -083.4 001.86
05.14 2850 -083.4 001.94
05.016 2831 -083.4 002.02
05.016 2831 -083.6 002.11
05.016 2831 -083.6 002.20
05.016 2831 -083.6 002.28
05.016 2831 -083.6 002.37
05.016 2831 -083.6 002.45
05.016 2831 -083.6 002.55
05.027 2850 -083.9 002.64
05.027 2850 -083.9 002.73
05.027 2850 -083.9 002.82
05.027 2850 -083.9 002.90
05.027 2850 -083.9 002.98
05.027 2850 -083.9 003.08
05.027 2850 -083.9 003.17
05.187 2831 -084.1 003.25
05.187 2831 -084.1 003.33
05.187 2831 -084.1 003.41
05.187 2831 -084.1 003.50
05.187 2831 -084.1 003.58
05.187 2831 -084.1 003.67
05.187 2831 -084.1 003.78
05.173 2850 -084.1 003.86
05.173 2850 -084.1 003.94
05.173 2850 -084.1 004.04
05.173 2850 -084.1 004.12
05.173 2850 -084.1 004.20
05.173 2850 -084.1 004.28
05.173 2850 -084.1 004.36
05.408 2831 -084.2 004.45
05.408 2831 -084.2 004.54
05.408 2831 -084.2 004.62
05.408 2831 -084.2 004.70
05.408 2831 -084.2 004.78
05.408 2831 -084.2 004.87
05.408 2831 -084.2 004.96
05.331 2869 -084.5 005.05
05.331 2869 -084.5 005.13
05.331 2869 -084.5 005.22
05.331 2869 -084.5 005.31
05.331 2869 -084.5 005.40
05.331 2869 -084.5 005.48
05.331 2869 -084.5 005.56
05.223 2850 -084.4 005.65
05.223 2850 -084.4 005.73
05.223 2850 -084.4 005.82
05.223 2850 -084.4 005.91
05.223 2850 -084.4 005.99
05.223 2850 -084.4 006.08
05.223 2850 -084.4 006.16
05.398 2831 -084.6 006.26
05.398 2831 -084.6 006.35
05.398 2831 -084.6 006.43
05.398 2831 -084.6 006.51
05.398 2831 -084.6 006.59
05.398 2831 -084.6 006.68
05.398 2831 -084.6 006.76
05.502 2850 -084.8 006.84
05.502 2850 -084.8 006.92
05.502 2850 -084.8 007.01
05.502 2850 -084.8 007.09
05.502 2850 -084.8 007.17
05.502 2850 -084.8 007.25
05.502 2850 -084.8 007.33
05.288 2831 -084.8 007.43
05.288 2831 -085.0 007.51
05.288 2831 -085.0 007.61
05.288 2831 -085.0 007.69
05.288 2831 -085.0 007.77
05.288 2831 -085.0 007.86
05.288 2831 -085.0 007.94
05.179 2831 -085.0 008.02
05.179 2831 -084.7 008.11
05.179 2831 -084.7 008.20
05.179 2831 -084.7 008.28
05.179 2831 -084.7 008.37
05.179 2831 -084.7 008.47
05.179 2831 -084.7 008.56
05.228 2831 -084.9 008.65
05.228 2831 -084.9 008.75
05.228 2831 -084.9 008.84
05.228 2831 -084.9 008.92
05.228 2831 -084.9 009.00
05.228 2831 -084.9 009.08
05.228 2831 -084.9 009.18
05.549 2831 -085.3 009.28
05.549 2831 -085.3 009.36
05.549 2831 -085.3 009.45
05.549 2831 -085.3 009.53
05.549 2831 -085.3 009.61
05.549 2831 -085.3 009.70
05.549 2831 -085.3 009.81
05.618 2812 -085.1 009.89
05.618 2812 -085.1 009.97
05.618 2812 -085.1 010.07
05.618 2812 -085.1 010.15
05.618 2812 -085.1 010.24
05.618 2812 -085.1 010.32
05.618 2812 -085.1 010.40
05.801 2831 -085.4 010.48
05.801 2831 -085.4 010.58
05.801 2831 -085.4 010.66
05.801 2831 -085.4 010.76
05.801 2831 -085.4 010.85
05.801 2831 -085.4 010.94
06.009 2831 -085.4 011.04
06.009 2812 -085.5 011.12
06.009 2812 -085.5 011.21
06.009 2812 -085.5 011.29
06.009 2812 -085.5 011.38
06.009 2812 -085.5 011.48
06.009 2812 -085.5 011.56
05.869 2831 -085.7 011.65
05.869 2831 -085.7 011.73
05.869 2831 -085.7 011.82
05.869 2831 -085.7 011.90
05.869 2831 -085.7 011.98
05.869 2831 -085.7 012.08
05.869 2831 -085.7 012.16
05.745 2812 -085.7 012.25
05.745 2812 -085.8 012.33
05.745 2812 -085.8 012.41
05.745 2812 -085.8 012.49
05.745 2812 -085.8 012.57
05.745 2812 -085.8 012.66
05.745 2812 -085.8 012.74
05.629 2812 -085.8 012.83
05.629 2812 -086.1 012.91
05.629 2812 -086.1 013.00
05.629 2812 -086.1 013.09
05.629 2812 -086.1 013.17
05.629 2812 -086.1 013.26
05.629 2812 -086.1 013.35
05.629 2812 -086.1 013.43
05.732 2831 -086.1 013.51
05.732 2831 -086.1 013.60
05.732 2831 -086.1 013.68
05.732 2831 -086.1 013.77
05.732 2831 -086.1 013.84
05.732 2831 -086.1 013.94
05.458 2812 -086.1 014.04
05.458 2812 -086.0 014.12
05.458 2812 -086.0 014.20
05.458 2812 -086.0 014.29
05.458 2812 -086.0 014.37
05.458 2812 -086.0 014.46
05.458 2812 -086.0 014.55
05.458 2812 -086.0 014.63
05.359 2831 -086.3 014.71
05.359 2831 -086.3 014.80
05.359 2831 -086.3 014.88
05.359 2831 -086.3 014.96
05.359 2831 -086.3 015.04
05.359 2831 -086.3 015.14
05.359 2831 -086.3 015.23
05.338 2850 -086.4 015.31
05.338 2850 -086.4 015.40
05.338 2850 -086.4 015.48
05.338 2850 -086.4 015.56
05.338 2850 -086.4 015.64
05.338 2850 -086.4 015.74
05.338 2850 -086.4 015.82
05.539 2812 -086.5 015.91
05.539 2812 -086.5 015.99
05.539 2812 -086.5 016.07
05.539 2812 -086.5 016.15
05.539 2812 -086.5 016.23
05.539 2812 -086.5 016.32
05.539 2812 -086.5 016.40
05.727 2831 -086.6 016.50
05.727 2831 -086.6 016.58
05.727 2831 -086.6 016.66
05.727 2831 -086.6 016.74
05.727 2831 -086.6 016.83
05.727 2831 -086.6 016.92
05.727 2831 -086.6 017.01
05.748 2812 -086.8 017.09
05.748 2812 -086.8 017.17
05.748 2812 -086.8 017.26
05.748 2812 -086.8 017.35
05.748 2812 -086.8 017.43
05.748 2812 -086.8 017.51
05.748 2812 -086.8 017.59
05.668 2812 -086.7 017.68
05.668 2812 -086.7 017.78
05.668 2812 -086.7 017.86
05.668 2812 -086.7 017.96
05.668 2812 -086.7 018.06
05.668 2812 -086.7 018.15
05.668 2812 -086.7 018.24
05.511 2812 -086.9 018.33
05.511 2812 -086.9 018.41
05.511 2812 -086.9 018.49
05.511 2812 -086.9 018.57
05.511 2812 -086.9 018.67
05.511 2812 -086.9 018.75
05.511 2812 -086.9 018.84
05.271 2831 -087.1 018.92
05.271 2831 -087.1 019.02
05.271 2831 -087.1 019.11
05.271 2831 -087.1 019.20
05.271 2831 -087.1 019.28
