00.687 2109 -000.1 000.03
00.687 2109 -000.1 000.11
00.687 2109 -000.1 000.20
00.687 2109 -000.1 000.28
00.672 2109 -000.1 000.37
00.672 2109 -000.1 000.45
00.672 2109 -000.1 000.53
00.672 2109 -000.1 000.62
00.672 2109 -000.1 000.70
00.672 2109 -000.1 000.80
00.672 2109 -000.1 000.88
00.716 2109 -000.1 000.96
00.716 2109 -000.1 001.05
00.716 2109 -000.1 001.13
00.716 2109 -000.1 001.22
00.716 2109 -000.1 001.31
00.716 2109 -000.1 001.39
00.716 2109 -000.1 001.48
00.713 2128 -000.2 001.57
00.713 2128 -000.2 001.66
00.713 2128 -000.2 001.75
00.713 2128 -000.2 001.84
00.713 2128 -000.2 001.92
00.713 2128 -000.2 002.02
00.713 2128 -000.2 002.11
00.684 2128 -000.3 002.19
00.684 2128 -000.3 002.29
00.684 2128 -000.3 002.37
00.684 2128 -000.3 002.45
00.684 2128 -000.3 002.53
00.684 2128 -000.3 002.63
00.684 2128 -000.3 002.71
00.701 2109 -000.4 002.79
00.701 2109 -000.4 002.87
00.701 2109 -000.4 002.96
00.701 2109 -000.4 003.05
00.701 2109 -000.4 003.14
00.701 2109 -000.4 003.22
00.701 2109 -000.4 003.31
00.659 2109 -000.3 003.39
00.659 2109 -000.3 003.47
00.659 2109 -000.3 003.56
00.659 2109 -000.3 003.64
00.659 2109 -000.3 003.72
00.659 2109 -000.3 003.81
00.659 2109 -000.3 003.89
00.69 2109 -000.3 003.97
00.69 2109 -000.4 004.06
00.69 2109 -000.4 004.14
00.69 2109 -000.4 004.23
00.69 2109 -000.4 004.33
00.69 2109 -000.4 004.41
00.69 2109 -000.4 004.49
00.674 2109 -000.4 004.58
00.674 2109 -000.4 004.67
00.674 2109 -000.4 004.76
00.674 2109 -000.4 004.84
00.674 2109 -000.4 004.93
00.674 2109 -000.4 005.01
00.674 2109 -000.4 005.09
00.64 2109 -000.4 005.17
00.64 2090 -000.5 005.25
00.64 2090 -000.5 005.34
00.64 2090 -000.5 005.42
00.64 2090 -000.5 005.50
00.64 2090 -000.5 005.59
00.64 2090 -000.5 005.69
00.64 2090 -000.5 005.77
00.747 2109 -000.7 005.85
00.747 2109 -000.7 005.93
00.747 2109 -000.7 006.02
00.747 2109 -000.7 006.10
00.747 2109 -000.7 006.18
00.747 2109 -000.7 006.26
00.747 2109 -000.7 006.35
00.723 2109 -000.6 006.43
00.723 2109 -000.6 006.51
00.723 2109 -000.6 006.59
00.723 2109 -000.6 006.67
00.723 2109 -000.6 006.76
00.723 2109 -000.6 006.84
00.723 2109 -000.6 006.92
00.745 2109 -000.9 007.01
00.745 2109 -000.9 007.10
00.745 2109 -000.9 007.18
00.745 2109 -000.9 007.26
00.745 2109 -000.9 007.34
00.745 2109 -000.9 007.43
00.745 2109 -000.9 007.51
00.687 2109 -000.9 007.60
00.687 2109 -000.9 007.68
00.687 2109 -000.9 007.76
00.687 2109 -000.9 007.85
00.687 2109 -000.9 007.94
00.687 2109 -000.9 008.04
00.687 2109 -000.9 008.13
00.748 2128 -001.1 008.23
00.748 2128 -001.1 008.31
00.748 2128 -001.1 008.40
00.748 2128 -001.1 008.48
00.748 2128 -001.1 008.57
00.748 2128 -001.1 008.66
00.748 2128 -001.1 008.74
00.711 2109 -001.1 008.82
00.711 2109 -001.1 008.90
00.711 2109 -001.1 008.99
00.711 2109 -001.1 009.07
00.711 2109 -001.1 009.15
00.711 2109 -001.1 009.23
00.711 2109 -001.1 009.34
00.684 2128 -001.2 009.43
00.684 2128 -001.2 009.51
00.684 2128 -001.2 009.59
00.684 2128 -001.2 009.67
00.684 2128 -001.2 009.76
00.684 2128 -001.2 009.84
00.684 2128 -001.2 009.92
00.766 2109 -001.4 010.01
00.766 2109 -001.4 010.09
00.766 2109 -001.4 010.17
00.766 2109 -001.4 010.27
00.766 2109 -001.4 010.35
00.766 2109 -001.4 010.43
00.766 2109 -001.4 010.52
00.766 2109 -001.4 010.60
00.7 2109 -001.5 010.69
00.7 2109 -001.5 010.77
00.7 2109 -001.5 010.86
00.7 2109 -001.5 010.94
00.7 2109 -001.5 011.02
00.7 2109 -001.5 011.10
00.7 2109 -001.5 011.19
00.765 2128 -001.6 011.27
00.765 2128 -001.6 011.35
00.765 2128 -001.6 011.44
00.765 2128 -001.6 011.52
00.765 2128 -001.6 011.60
00.765 2128 -001.6 011.68
00.765 2128 -001.6 011.77
00.651 2090 -001.5 011.85
00.651 2090 -001.5 011.94
00.651 2090 -001.5 012.02
00.651 2090 -001.5 012.10
00.651 2090 -001.5 012.19
00.651 2090 -001.5 012.27
00.651 2090 -001.5 012.35
00.732 2109 -001.5 012.44
00.732 2109 -001.5 012.52
00.732 2109 -001.5 012.60
00.732 2109 -001.5 012.68
00.732 2109 -001.5 012.78
00.732 2109 -001.5 012.87
00.732 2109 -001.5 012.97
00.724 2090 -001.6 013.05
00.724 2090 -001.6 013.13
00.724 2090 -001.6 013.23
00.724 2090 -001.6 013.32
00.724 2090 -001.6 013.40
00.724 2090 -001.6 013.48
00.724 2090 -001.6 013.56
00.726 2090 -001.8 013.64
00.726 2090 -001.8 013.73
00.726 2090 -001.8 013.82
00.726 2090 -001.8 013.92
00.726 2090 -001.8 014.01
00.726 2090 -001.8 014.09
00.726 2090 -001.8 014.17
00.757 2090 -001.7 014.26
00.757 2090 -001.7 014.34
00.757 2090 -001.7 014.44
00.757 2090 -001.7 014.52
00.757 2090 -001.7 014.61
00.757 2090 -001.7 014.71
00.757 2090 -001.7 014.79
00.786 2128 -002.1 014.88
00.786 2128 -002.1 014.96
00.786 2128 -002.1 015.05
00.786 2128 -002.1 015.13
00.786 2128 -002.1 015.21
00.786 2128 -002.1 015.30
00.786 2128 -002.1 015.38
00.774 2109 -001.9 015.46
00.774 2109 -001.9 015.56
00.774 2109 -001.9 015.65
00.774 2109 -001.9 015.74
00.774 2109 -001.9 015.85
00.774 2109 -001.9 015.93
00.799 2109 -001.9 016.01
00.799 2090 -002.0 016.09
00.799 2090 -002.0 016.17
00.799 2090 -002.0 016.26
00.799 2090 -002.0 016.36
00.799 2090 -002.0 016.44
00.799 2090 -002.0 016.52
00.766 2090 -002.0 016.61
00.766 2109 -001.9 016.69
00.766 2109 -001.9 016.77
00.766 2109 -001.9 016.86
00.766 2109 -001.9 016.94
00.766 2109 -001.9 017.05
00.766 2109 -001.9 017.14
00.894 2090 -001.8 017.24
00.894 2090 -001.8 017.34
00.894 2090 -001.8 017.42
00.894 2090 -001.8 017.51
00.894 2090 -001.8 017.59
00.894 2090 -001.8 017.69
00.894 2090 -001.8 017.77
01 2109 -001.9 017.86
01 2109 -001.9 017.94
01 2109 -001.9 018.02
01 2109 -001.9 018.10
01 2109 -001.9 018.19
01 2109 -001.9 018.27
01 2109 -001.9 018.36
01.066 2090 -002.0 018.44
01.066 2090 -002.0 018.53
01.066 2090 -002.0 018.61
01.066 2090 -002.0 018.69
01.066 2090 -002.0 018.78
01.066 2090 -002.0 018.86
01.066 2090 -002.0 018.95
01.213 2109 -002.0 019.03
01.213 2109 -002.0 019.12
01.213 2109 -002.0 019.20
01.213 2109 -002.0 019.28
01.213 2109 -002.0 019.36
01.213 2109 -002.0 019.46
01.213 2109 -002.0 019.55
01.187 2090 -002.0 019.65
01.187 2090 -002.0 019.73
01.187 2090 -002.0 019.81
01.187 2090 -002.0 019.89
01.187 2090 -002.0 019.97
01.187 2090 -002.0 020.06
01.187 2090 -002.0 020.15
01.346 2109 -002.0 020.23
01.346 2109 -002.3 020.31
01.346 2109 -002.3 020.40
01.346 2109 -002.3 020.50
01.346 2109 -002.3 020.59
01.346 2109 -002.3 020.68
01.346 2109 -002.3 020.76
01.315 2090 -002.4 020.84
01.315 2090 -002.4 020.94
01.315 2090 -002.4 021.03
01.315 2090 -002.4 021.12
01.315 2090 -002.4 021.20
01.315 2090 -002.4 021.29
01.315 2090 -002.4 021.38
01.332 2109 -002.4 021.46
01.332 2109 -002.4 021.54
01.332 2109 -002.4 021.62
01.332 2109 -002.4 021.70
01.332 2109 -002.4 021.78
01.332 2109 -002.4 021.87
01.332 2109 -002.4 021.95
01.332 2109 -002.4 022.03
01.422 2090 -002.6 022.13
01.422 2090 -002.6 022.22
01.422 2090 -002.6 022.30
01.422 2090 -002.6 022.38
01.422 2090 -002.6 022.47
01.422 2090 -002.6 022.55
01.576 2090 -002.4 022.64
01.576 2090 -002.4 022.73
01.576 2090 -002.4 022.81
01.576 2090 -002.4 022.89
01.576 2090 -002.4 022.98
01.576 2090 -002.4 023.06
01.576 2090 -002.4 023.14
01.576 2090 -002.4 023.22
01.622 2090 -002.2 023.30
01.622 2090 -002.2 023.39
01.622 2090 -002.2 023.48
01.622 2090 -002.2 023.56
01.622 2090 -002.2 023.65
01.622 2090 -002.2 023.73
01.622 2090 -002.2 023.81
01.659 2071 -002.6 023.90
01.659 2071 -002.6 023.99
01.659 2071 -002.6 024.07
01.659 2071 -002.6 024.15
01.659 2071 -002.6 024.24
01.659 2071 -002.6 024.34
01.636 2071 -002.6 024.43
01.636 2090 -002.6 024.52
01.636 2090 -002.6 024.61
01.636 2090 -002.6 024.70
01.636 2090 -002.6 024.78
01.636 2090 -002.6 024.86
01.636 2090 -002.6 024.94
01.636 2090 -002.6 025.03
01.636 2090 -002.7 025.11
01.636 2090 -002.7 025.19
01.636 2090 -002.7 025.27
01.636 2090 -002.7 025.36
01.636 2090 -002.7 025.44
01.636 2090 -002.7 025.52
01.636 2090 -002.7 025.60
01.86 2071 -002.7 025.70
01.86 2071 -002.7 025.78
01.86 2071 -002.7 025.86
01.86 2071 -002.7 025.96
01.86 2071 -002.7 026.05
01.86 2071 -002.7 026.13
01.86 2071 -002.7 026.21
01.915 2090 -002.7 026.30
01.915 2090 -002.7 026.38
01.915 2090 -002.7 026.46
01.915 2090 -002.7 026.55
01.915 2090 -002.7 026.63
01.915 2090 -002.7 026.72
01.915 2090 -002.7 026.80
02.143 2071 -003.0 026.88
02.143 2071 -003.0 026.97
02.143 2071 -003.0 027.05
02.143 2071 -003.0 027.13
02.143 2071 -003.0 027.23
02.143 2071 -003.0 027.32
02.143 2071 -003.0 027.40
02.255 2052 -002.9 027.48
02.255 2052 -002.9 027.56
02.255 2052 -002.9 027.66
02.255 2052 -002.9 027.75
02.255 2052 -002.9 027.83
02.255 2052 -002.9 027.91
02.255 2052 -002.9 027.99
02.425 2071 -002.9 028.08
02.425 2071 -002.9 028.16
02.425 2071 -002.9 028.24
02.425 2071 -002.9 028.33
02.425 2071 -002.9 028.41
02.425 2071 -002.9 028.49
02.425 2071 -002.9 028.58
02.255 2052 -003.1 028.67
02.255 2052 -003.1 028.76
02.255 2052 -003.1 028.84
02.255 2052 -003.1 028.92
02.255 2052 -003.1 029.01
02.255 2052 -003.1 029.09
02.255 2052 -003.1 029.17
02.336 2090 -003.1 029.25
02.336 2090 -003.3 029.34
02.336 2090 -003.3 029.42
02.336 2090 -003.3 029.51
02.336 2090 -003.3 029.61
02.336 2090 -003.3 029.70
02.336 2090 -003.3 029.78
02.315 2071 -003.3 029.87
02.315 2071 -003.3 029.95
02.315 2071 -003.3 030.05
02.315 2071 -003.3 030.13
02.315 2071 -003.3 030.21
02.315 2071 -003.3 030.29
02.315 2071 -003.3 030.37
02.427 2071 -003.3 030.45
02.427 2071 -003.3 030.53
02.427 2071 -003.3 030.61
02.427 2071 -003.3 030.70
02.427 2071 -003.3 030.78
02.427 2071 -003.3 030.86
02.427 2071 -003.3 030.94
02.427 2071 -003.3 031.04
02.326 2071 -003.5 031.13
02.326 2071 -003.5 031.21
02.326 2071 -003.5 031.30
02.326 2071 -003.5 031.38
02.326 2071 -003.5 031.46
02.326 2071 -003.5 031.54
02.326 2071 -003.5 031.62
02.242 2071 -003.2 031.71
02.242 2071 -003.2 031.79
02.242 2071 -003.2 031.87
02.242 2071 -003.2 031.96
02.242 2071 -003.2 032.05
02.242 2071 -003.2 032.13
02.242 2071 -003.2 032.21
02.427 2052 -003.3 032.30
02.427 2052 -003.3 032.39
02.427 2052 -003.3 032.49
02.427 2052 -003.3 032.58
02.427 2052 -003.3 032.68
02.427 2052 -003.3 032.76
02.427 2052 -003.3 032.85
02.274 2052 -003.6 032.95
02.274 2052 -003.6 033.03
02.274 2052 -003.6 033.13
02.274 2052 -003.6 033.21
02.274 2052 -003.6 033.29
02.274 2052 -003.6 033.38
02.273 2052 -003.6 033.46
02.273 2071 -003.8 033.54
02.273 2071 -003.8 033.63
02.273 2071 -003.8 033.72
02.273 2071 -003.8 033.81
02.273 2071 -003.8 033.90
02.273 2071 -003.8 034.00
02.219 2033 -003.8 034.08
02.219 2033 -003.6 034.16
02.219 2033 -003.6 034.24
02.219 2033 -003.6 034.33
02.219 2033 -003.6 034.41
02.219 2033 -003.6 034.49
02.219 2033 -003.6 034.58
02.234 2033 -003.6 034.66
02.234 2071 -003.7 034.75
02.234 2071 -003.7 034.83
02.234 2071 -003.7 034.92
02.234 2071 -003.7 035.02
02.234 2071 -003.7 035.10
02.234 2071 -003.7 035.18
02.208 2071 -003.7 035.26
02.208 2071 -003.7 035.35
02.208 2071 -003.7 035.43
02.208 2071 -003.7 035.51
02.208 2071 -003.7 035.60
02.208 2071 -003.7 035.68
02.208 2071 -003.7 035.76
02.208 2071 -003.7 035.85
02.215 2052 -003.7 035.93
02.215 2052 -003.7 036.01
02.215 2052 -003.7 036.09
02.215 2052 -003.7 036.19
02.215 2052 -003.7 036.27
02.215 2052 -003.7 036.36
02.215 2052 -003.7 036.44
02.262 2071 -003.8 036.52
02.262 2071 -003.8 036.60
02.262 2071 -003.8 036.69
02.262 2071 -003.8 036.77
02.262 2071 -003.8 036.85
02.262 2071 -003.8 036.94
02.262 2071 -003.8 037.02
02.3 2090 -004.0 037.10
02.3 2090 -004.0 037.19
02.3 2090 -004.0 037.28
02.3 2090 -004.0 037.36
02.3 2090 -004.0 037.46
02.3 2090 -004.0 037.54
02.3 2090 -004.0 037.63
02.273 2090 -004.2 037.72
02.273 2090 -004.2 037.80
02.273 2090 -004.2 037.88
02.273 2090 -004.2 037.97
02.273 2090 -004.2 038.05
02.273 2090 -004.2 038.14
02.273 2090 -004.2 038.22
02.287 2071 -004.0 038.31
02.287 2071 -004.0 038.39
02.287 2071 -004.0 038.47
02.287 2071 -004.0 038.57
02.287 2071 -004.0 038.66
02.287 2071 -004.0 038.76
02.287 2071 -004.0 038.85
02.31 2071 -004.2 038.93
02.31 2071 -004.2 039.01
02.31 2071 -004.2 039.09
02.31 2071 -004.2 039.17
02.31 2071 -004.2 039.26
02.31 2071 -004.2 039.34
02.31 2071 -004.2 039.43
02.156 2052 -004.4 039.52
02.156 2052 -004.4 039.60
02.156 2052 -004.4 039.69
02.156 2052 -004.4 039.77
02.156 2052 -004.4 039.85
02.156 2052 -004.4 039.93
02.156 2052 -004.4 040.02
02.33 2071 -004.5 040.10
02.33 2071 -004.5 040.18
02.33 2071 -004.5 040.26
02.33 2071 -004.5 040.35
02.33 2071 -004.5 040.45
02.33 2071 -004.5 040.54
02.33 2071 -004.5 040.62
02.427 2090 -004.4 040.71
02.427 2090 -004.4 040.79
02.427 2090 -004.4 040.87
02.427 2090 -004.4 040.97
02.427 2090 -004.4 041.06
02.427 2090 -004.4 041.14
02.427 2090 -004.4 041.22
02.308 2090 -004.4 041.30
02.308 2052 -004.4 041.39
02.308 2052 -004.4 041.49
02.308 2052 -004.4 041.57
02.308 2052 -004.4 041.66
02.308 2052 -004.4 041.74
02.308 2052 -004.4 041.82
02.153 2071 -004.6 041.90
02.153 2071 -004.6 041.99
02.153 2071 -004.6 042.07
02.153 2071 -004.6 042.15
02.153 2071 -004.6 042.23
02.153 2071 -004.6 042.31
02.153 2071 -004.6 042.40
02.153 2071 -004.6 042.48
02.179 2090 -004.7 042.55
02.179 2090 -004.7 042.65
02.179 2090 -004.7 042.73
02.179 2090 -004.7 042.81
02.179 2090 -004.7 042.90
02.179 2090 -004.7 042.98
02.179 2090 -004.7 043.07
02.297 2071 -004.7 043.15
02.297 2071 -004.7 043.23
02.297 2071 -004.7 043.31
02.297 2071 -004.7 043.40
02.297 2071 -004.7 043.48
02.297 2071 -004.7 043.57
02.297 2071 -004.7 043.65
02.229 2071 -004.8 043.74
02.229 2071 -004.8 043.82
02.229 2071 -004.8 043.91
02.229 2071 -004.8 043.99
02.229 2071 -004.8 044.08
02.229 2071 -004.8 044.16
02.229 2071 -004.8 044.24
02.226 2071 -004.8 044.33
02.226 2071 -004.7 044.41
02.226 2071 -004.7 044.49
02.226 2071 -004.7 044.58
02.226 2071 -004.7 044.66
02.226 2071 -004.7 044.74
02.226 2071 -004.7 044.83
02.151 2071 -004.7 044.92
02.151 2071 -004.8 045.00
02.151 2071 -004.8 045.08
02.151 2071 -004.8 045.17
02.151 2071 -004.8 045.28
02.151 2071 -004.8 045.36
02.151 2071 -004.8 045.45
02.36 2052 -004.8 045.53
02.36 2052 -004.8 045.61
02.36 2052 -004.8 045.69
02.36 2052 -004.8 045.78
02.36 2052 -004.8 045.87
02.36 2052 -004.8 045.95
02.36 2052 -004.8 046.03
02.253 2052 -004.8 046.11
02.253 2071 -005.0 046.20
02.253 2071 -005.0 046.30
02.253 2071 -005.0 046.38
02.253 2071 -005.0 046.48
02.253 2071 -005.0 046.56
02.253 2071 -005.0 046.65
02.135 2052 -005.0 046.73
02.135 2052 -005.0 046.82
02.135 2052 -005.0 046.90
02.135 2052 -005.0 046.99
02.135 2052 -005.0 047.07
02.135 2052 -005.0 047.15
02.135 2052 -005.0 047.24
02.477 2090 -005.0 047.33
02.477 2090 -004.9 047.42
02.477 2090 -004.9 047.51
02.477 2090 -004.9 047.59
02.477 2090 -004.9 047.68
02.477 2090 -004.9 047.77
02.477 2090 -004.9 047.84
02.245 2090 -004.9 047.93
02.245 2071 -005.0 048.01
02.245 2071 -005.0 048.09
02.245 2071 -005.0 048.17
02.245 2071 -005.0 048.26
02.245 2071 -005.0 048.35
02.245 2071 -005.0 048.43
02.287 2071 -005.0 048.52
02.287 2071 -005.2 048.60
02.287 2071 -005.2 048.70
02.287 2071 -005.2 048.78
02.287 2071 -005.2 048.86
02.287 2071 -005.2 048.97
02.287 2071 -005.2 049.05
02.266 2071 -005.1 049.14
02.266 2071 -005.1 049.22
02.266 2071 -005.1 049.31
02.266 2071 -005.1 049.40
02.266 2071 -005.1 049.48
02.266 2071 -005.1 049.57
02.266 2071 -005.1 049.65
02.55 2052 -005.2 049.74
02.55 2052 -005.2 049.82
02.55 2052 -005.2 049.90
02.55 2052 -005.2 049.99
02.55 2052 -005.2 050.08
02.55 2052 -005.2 050.16
02.55 2052 -005.2 050.25
02.446 2071 -005.2 050.34
02.446 2071 -005.2 050.42
02.446 2071 -005.2 050.50
02.446 2071 -005.2 050.59
02.446 2071 -005.2 050.67
02.446 2071 -005.2 050.75
02.446 2071 -005.2 050.84
02.458 2071 -005.2 050.92
02.458 2071 -005.5 051.00
02.458 2071 -005.5 051.08
02.458 2071 -005.5 051.18
02.458 2071 -005.5 051.26
02.458 2071 -005.5 051.35
02.458 2071 -005.5 051.43
02.837 2071 -005.5 051.52
02.837 2052 -005.4 051.60
02.837 2052 -005.4 051.68
02.837 2052 -005.4 051.77
02.837 2052 -005.4 051.85
02.837 2052 -005.4 051.94
02.837 2052 -005.4 052.03
02.837 2052 -005.4 052.11
02.913 2052 -005.5 052.19
02.913 2052 -005.5 052.27
02.913 2052 -005.5 052.36
02.913 2052 -005.5 052.44
02.913 2052 -005.5 052.52
02.913 2052 -005.5 052.62
02.913 2052 -005.5 052.71
02.817 2052 -005.5 052.79
02.817 2052 -005.5 052.88
02.817 2052 -005.5 052.97
02.817 2052 -005.5 053.05
02.817 2052 -005.5 053.15
02.817 2052 -005.5 053.23
02.817 2052 -005.5 053.31
02.879 2071 -005.8 053.40
02.879 2071 -005.8 053.50
02.879 2071 -005.8 053.58
02.879 2071 -005.8 053.66
02.879 2071 -005.8 053.74
02.879 2071 -005.8 053.83
02.879 2071 -005.8 053.91
03.078 2033 -005.7 053.99
03.078 2033 -005.7 054.09
03.078 2033 -005.7 054.17
03.078 2033 -005.7 054.27
03.078 2033 -005.7 054.36
03.078 2033 -005.7 054.46
03.206 2052 -005.7 054.54
03.206 2052 -006.1 054.62
03.206 2052 -006.1 054.70
03.206 2052 -006.1 054.79
03.206 2052 -006.1 054.87
03.206 2052 -006.1 054.96
03.206 2052 -006.1 055.06
03.308 2052 -006.1 055.14
03.308 2033 -006.0 055.22
03.308 2033 -006.0 055.30
03.308 2033 -006.0 055.39
03.308 2033 -006.0 055.47
03.308 2033 -006.0 055.56
03.308 2033 -006.0 055.64
03.308 2033 -006.0 055.72
03.206 2033 -005.9 055.81
03.206 2033 -005.9 055.91
03.206 2033 -005.9 056.00
03.206 2033 -005.9 056.08
03.206 2033 -005.9 056.17
03.206 2033 -005.9 056.25
03.454 2033 -005.9 056.34
03.454 2033 -006.1 056.42
03.454 2033 -006.1 056.50
03.454 2033 -006.1 056.58
03.454 2033 -006.1 056.68
03.454 2033 -006.1 056.76
03.454 2033 -006.1 056.86
03.159 2052 -006.1 056.95
03.159 2052 -006.1 057.04
03.159 2052 -006.1 057.14
03.159 2052 -006.1 057.21
03.159 2052 -006.1 057.30
03.159 2052 -006.1 057.38
03.159 2052 -006.1 057.46
03.3 2052 -006.4 057.56
03.3 2052 -006.4 057.64
03.3 2052 -006.4 057.72
03.3 2052 -006.4 057.80
03.3 2052 -006.4 057.90
03.3 2052 -006.4 057.99
03.3 2052 -006.4 058.09
03.178 2052 -006.3 058.17
03.178 2052 -006.3 058.26
03.178 2052 -006.3 058.34
03.178 2052 -006.3 058.42
03.178 2052 -006.3 058.51
03.178 2052 -006.3 058.59
03.178 2052 -006.3 058.67
03.496 2033 -006.2 058.76
03.496 2033 -006.2 058.85
03.496 2033 -006.2 058.94
03.496 2033 -006.2 059.02
03.496 2033 -006.2 059.11
03.496 2033 -006.2 059.20
03.496 2033 -006.2 059.28
03.287 2052 -006.2 059.37
03.287 2052 -006.2 059.45
03.287 2052 -006.2 059.53
03.287 2052 -006.2 059.61
03.287 2052 -006.2 059.70
03.287 2052 -006.2 059.78
03.287 2052 -006.2 059.87
03.25 2052 -006.2 059.95
03.25 2014 -006.2 060.04
03.25 2014 -006.2 060.13
03.25 2014 -006.2 060.21
03.25 2014 -006.2 060.29
03.25 2014 -006.2 060.37
03.25 2014 -006.2 060.47
03.25 2014 -006.2 060.55
03.439 2033 -006.3 060.63
03.439 2033 -006.3 060.71
03.439 2033 -006.3 060.80
03.439 2033 -006.3 060.89
03.439 2033 -006.3 060.97
03.439 2033 -006.3 061.05
03.439 2033 -006.3 061.14
03.464 2071 -006.8 061.22
03.464 2071 -006.8 061.33
03.464 2071 -006.8 061.41
03.464 2071 -006.8 061.49
03.464 2071 -006.8 061.57
03.464 2071 -006.8 061.67
03.616 2071 -006.8 061.76
03.616 2033 -006.7 061.84
03.616 2033 -006.7 061.93
03.616 2033 -006.7 062.01
03.616 2033 -006.7 062.10
03.616 2033 -006.7 062.17
03.616 2033 -006.7 062.27
03.616 2033 -006.7 062.35
03.898 2033 -006.8 062.44
03.898 2033 -006.8 062.52
03.898 2033 -006.8 062.60
03.898 2033 -006.8 062.69
03.898 2033 -006.8 062.78
03.898 2033 -006.8 062.86
03.898 2033 -006.8 062.94
03.812 2014 -006.6 063.02
03.812 2014 -006.6 063.10
03.812 2014 -006.6 063.19
03.812 2014 -006.6 063.27
03.812 2014 -006.6 063.35
03.812 2014 -006.6 063.43
03.812 2014 -006.6 063.52
03.896 2014 -007.0 063.60
03.896 2014 -007.0 063.68
03.896 2014 -007.0 063.76
03.896 2014 -007.0 063.84
03.896 2014 -007.0 063.92
03.896 2014 -007.0 064.00
03.896 2014 -007.0 064.10
04.134 2033 -007.0 064.18
04.134 2033 -007.1 064.27
04.134 2033 -007.1 064.36
04.134 2033 -007.1 064.44
04.134 2033 -007.1 064.52
04.134 2033 -007.1 064.60
04.134 2033 -007.1 064.68
04.128 2033 -007.1 064.77
04.128 2033 -006.9 064.85
04.128 2033 -006.9 064.93
04.128 2033 -006.9 065.02
04.128 2033 -006.9 065.10
04.128 2033 -006.9 065.18
04.128 2033 -006.9 065.26
04.128 2033 -006.9 065.35
04.329 1995 -007.1 065.43
04.329 1995 -007.1 065.51
04.329 1995 -007.1 065.62
04.329 1995 -007.1 065.70
04.329 1995 -007.1 065.78
04.329 1995 -007.1 065.86
04.329 1995 -007.1 065.94
04.254 2033 -007.2 066.03
04.254 2033 -007.2 066.11
04.254 2033 -007.2 066.19
04.254 2033 -007.2 066.28
04.254 2033 -007.2 066.36
04.254 2033 -007.2 066.44
04.254 2033 -007.2 066.53
04.23 1995 -007.3 066.61
04.23 1995 -007.3 066.69
04.23 1995 -007.3 066.77
04.23 1995 -007.3 066.86
04.23 1995 -007.3 066.95
04.23 1995 -007.3 067.03
04.23 1995 -007.3 067.11
04.099 2033 -007.0 067.19
04.099 2033 -007.0 067.28
04.099 2033 -007.0 067.37
04.099 2033 -007.0 067.45
04.099 2033 -007.0 067.54
04.099 2033 -007.0 067.64
04.099 2033 -007.0 067.72
04.087 2033 -007.4 067.81
04.087 2033 -007.4 067.89
04.087 2033 -007.4 067.98
04.087 2033 -007.4 068.06
04.087 2033 -007.4 068.16
04.087 2033 -007.4 068.24
04.087 2033 -007.4 068.32
04.265 2033 -007.5 068.42
04.265 2033 -007.5 068.50
04.265 2033 -007.5 068.58
04.265 2033 -007.5 068.68
04.265 2033 -007.5 068.76
04.265 2033 -007.5 068.85
04.265 2033 -007.5 068.94
04.12 2014 -007.4 069.03
04.12 2014 -007.4 069.11
04.12 2014 -007.4 069.19
04.12 2014 -007.4 069.27
04.12 2014 -007.4 069.36
04.12 2014 -007.4 069.46
04.12 2014 -007.4 069.55
04.278 2014 -007.4 069.65
04.278 2014 -007.4 069.73
04.278 2014 -007.4 069.82
04.278 2014 -007.4 069.90
04.278 2014 -007.4 069.98
04.278 2014 -007.4 070.07
04.278 2014 -007.4 070.18
04.173 2014 -007.7 070.26
04.173 2014 -007.7 070.35
04.173 2014 -007.7 070.43
04.173 2014 -007.7 070.52
04.173 2014 -007.7 070.60
04.173 2014 -007.7 070.69
04.173 2014 -007.7 070.78
04.265 2014 -007.7 070.86
04.265 2014 -007.7 070.95
04.265 2014 -007.7 071.05
04.265 2014 -007.7 071.15
04.265 2014 -007.7 071.23
04.265 2014 -007.7 071.31
04.311 2014 -007.7 071.39
04.311 2014 -007.7 071.50
04.311 2014 -007.7 071.58
04.311 2014 -007.7 071.67
04.311 2014 -007.7 071.75
04.311 2014 -007.7 071.85
04.311 2014 -007.7 071.94
04.176 2033 -007.9 072.03
04.176 2033 -007.9 072.11
04.176 2033 -007.9 072.21
04.176 2033 -007.9 072.29
04.176 2033 -007.9 072.37
04.176 2033 -007.9 072.45
04.176 2033 -007.9 072.53
04.332 2014 -008.0 072.64
04.332 2014 -008.0 072.72
04.332 2014 -008.0 072.82
04.332 2014 -008.0 072.91
04.332 2014 -008.0 072.99
04.332 2014 -008.0 073.08
04.332 2014 -008.0 073.18
04.361 2033 -007.9 073.26
04.361 2033 -007.9 073.35
04.361 2033 -007.9 073.44
04.361 2033 -007.9 073.52
04.361 2033 -007.9 073.60
04.361 2033 -007.9 073.68
04.361 2033 -007.9 073.76
04.403 2014 -007.8 073.85
04.403 2014 -007.8 073.94
04.403 2014 -007.8 074.03
04.403 2014 -007.8 074.11
04.403 2014 -007.8 074.19
04.403 2014 -007.8 074.27
04.403 2014 -007.8 074.36
04.366 2014 -008.1 074.46
04.366 2014 -008.1 074.54
04.366 2014 -008.1 074.63
04.366 2014 -008.1 074.72
04.366 2014 -008.1 074.81
04.366 2014 -008.1 074.90
04.346 1995 -008.1 075.00
04.346 1995 -008.1 075.09
04.346 1995 -008.1 075.17
04.346 1995 -008.1 075.25
04.346 1995 -008.1 075.35
04.346 1995 -008.1 075.45
04.346 1995 -008.1 075.54
04.363 2014 -008.1 075.64
04.363 2014 -008.1 075.72
04.363 2014 -008.1 075.82
04.363 2014 -008.1 075.90
04.363 2014 -008.1 075.99
04.363 2014 -008.1 076.09
04.363 2014 -008.1 076.17
04.304 2014 -008.2 076.26
04.304 2014 -008.2 076.35
04.304 2014 -008.2 076.45
04.304 2014 -008.2 076.54
04.304 2014 -008.2 076.62
04.304 2014 -008.2 076.71
04.304 2014 -008.2 076.79
04.478 1995 -008.2 076.87
04.478 1995 -008.2 076.96
04.478 1995 -008.2 077.05
04.478 1995 -008.2 077.14
04.478 1995 -008.2 077.22
04.478 1995 -008.2 077.31
04.478 1995 -008.2 077.39
04.483 2014 -008.6 077.47
04.483 2014 -008.6 077.56
04.483 2014 -008.6 077.64
04.483 2014 -008.6 077.73
04.483 2014 -008.6 077.81
04.483 2014 -008.6 077.89
04.483 2014 -008.6 077.99
04.51 2052 -008.4 078.07
04.51 2052 -008.4 078.15
04.51 2052 -008.4 078.24
04.51 2052 -008.4 078.34
04.51 2052 -008.4 078.42
04.51 2052 -008.4 078.50
04.51 2052 -008.4 078.59
04.204 1995 -008.5 078.67
04.204 1995 -008.5 078.75
04.204 1995 -008.5 078.84
04.204 1995 -008.5 078.92
04.204 1995 -008.5 079.00
04.204 1995 -008.5 079.09
04.204 1995 -008.5 079.18
04.452 2014 -008.7 079.25
04.452 2014 -008.7 079.34
04.452 2014 -008.7 079.43
04.452 2014 -008.7 079.51
04.452 2014 -008.7 079.59
04.452 2014 -008.7 079.68
04.452 2014 -008.7 079.76
04.439 2014 -008.6 079.84
04.439 2014 -008.6 079.92
04.439 2014 -008.6 080.00
04.439 2014 -008.6 080.09
04.439 2014 -008.6 080.17
04.439 2014 -008.6 080.25
04.439 2014 -008.6 080.34
04.439 2014 -008.6 080.42
04.871 1995 -008.7 080.50
04.871 1995 -008.7 080.59
04.871 1995 -008.7 080.68
04.871 1995 -008.7 080.76
04.871 1995 -008.7 080.85
04.871 1995 -008.7 080.95
05.505 1957 -008.7 081.03
05.505 1957 -008.9 081.11
05.505 1957 -008.9 081.19
05.505 1957 -008.9 081.28
05.505 1957 -008.9 081.36
05.505 1957 -008.9 081.44
05.505 1957 -008.9 081.53
05.505 1957 -008.9 081.61
05.863 1957 -008.7 081.69
05.863 1957 -008.7 081.77
05.863 1957 -008.7 081.86
05.863 1957 -008.7 081.95
05.863 1957 -008.7 082.04
05.863 1957 -008.7 082.12
05.863 1957 -008.7 082.21
05.566 1957 -008.9 082.29
05.566 1957 -008.9 082.38
05.566 1957 -008.9 082.46
05.566 1957 -008.9 082.54
05.566 1957 -008.9 082.62
05.566 1957 -008.9 082.70
05.566 1957 -008.9 082.78
05.803 1976 -009.0 082.86
05.803 1976 -009.0 082.95
05.803 1976 -009.0 083.03
05.803 1976 -009.0 083.11
05.803 1976 -009.0 083.19
05.803 1976 -009.0 083.27
05.803 1976 -009.0 083.36
05.736 1938 -009.0 083.45
05.736 1938 -009.0 083.54
05.736 1938 -009.0 083.62
05.736 1938 -009.0 083.70
05.736 1938 -009.0 083.79
05.736 1938 -009.0 083.87
05.736 1938 -009.0 083.97
05.838 1957 -009.2 084.06
05.838 1957 -009.2 084.14
05.838 1957 -009.2 084.22
05.838 1957 -009.2 084.31
05.838 1957 -009.2 084.39
05.838 1957 -009.2 084.49
05.838 1957 -009.2 084.58
05.847 1957 -009.5 084.67
05.847 1957 -009.5 084.75
05.847 1957 -009.5 084.84
05.847 1957 -009.5 084.94
05.847 1957 -009.5 085.02
05.847 1957 -009.5 085.10
05.847 1957 -009.5 085.18
05.769 1957 -009.3 085.26
05.769 1957 -009.3 085.35
05.769 1957 -009.3 085.43
05.769 1957 -009.3 085.51
05.769 1957 -009.3 085.59
05.769 1957 -009.3 085.68
05.769 1957 -009.3 085.78
05.965 1957 -009.5 085.86
05.965 1957 -009.5 085.94
05.965 1957 -009.5 086.04
05.965 1957 -009.5 086.14
05.965 1957 -009.5 086.22
05.965 1957 -009.5 086.32
05.965 1957 -009.5 086.40
05.877 1938 -009.5 086.49
05.877 1938 -009.5 086.57
05.877 1938 -009.5 086.65
05.877 1938 -009.5 086.73
05.877 1938 -009.5 086.82
05.877 1938 -009.5 086.90
05.877 1938 -009.5 086.98
06.034 1957 -009.6 087.06
06.034 1957 -009.6 087.14
06.034 1957 -009.6 087.25
06.034 1957 -009.6 087.33
06.034 1957 -009.6 087.42
06.034 1957 -009.6 087.50
06.034 1957 -009.6 087.58
05.861 1957 -009.9 087.66
05.861 1957 -009.9 087.74
05.861 1957 -009.9 087.84
05.861 1957 -009.9 087.93
05.861 1957 -009.9 088.01
05.861 1957 -009.9 088.09
05.861 1957 -009.9 088.18
05.855 1957 -009.9 088.27
05.855 1995 -009.8 088.35
05.855 1995 -009.8 088.44
05.855 1995 -009.8 088.52
05.855 1995 -009.8 088.61
05.855 1995 -009.8 088.70
05.855 1995 -009.8 088.79
05.591 1957 -009.9 088.87
05.591 1957 -009.9 088.95
05.591 1957 -009.9 089.04
05.591 1957 -009.9 089.14
05.591 1957 -009.9 089.22
05.591 1957 -009.9 089.30
05.591 1957 -009.9 089.38
05.618 1957 -010.2 089.46
05.618 1957 -010.2 089.54
05.618 1957 -010.2 089.63
05.618 1957 -010.2 089.72
05.618 1957 -010.2 089.82
05.618 1957 -010.2 089.90
05.618 1957 -010.2 089.99
05.971 1976 -010.1 090.08
05.971 1976 -010.1 090.16
05.971 1976 -010.1 090.25
05.971 1976 -010.1 090.35
05.971 1976 -010.1 090.43
05.971 1976 -010.1 090.51
05.971 1976 -010.1 090.60
05.884 1957 -010.3 090.70
05.884 1957 -010.3 090.78
05.884 1957 -010.3 090.86
05.884 1957 -010.3 090.94
05.884 1957 -010.3 091.02
05.884 1957 -010.3 091.12
05.884 1957 -010.3 091.20
06.078 1957 -010.3 091.28
06.078 1957 -010.3 091.36
06.078 1957 -010.3 091.46
06.078 1957 -010.3 091.54
06.078 1957 -010.3 091.62
06.078 1957 -010.3 091.70
06.078 1957 -010.3 091.78
05.989 1957 -010.3 091.87
05.989 1957 -010.3 091.95
05.989 1957 -010.3 092.03
05.989 1957 -010.3 092.13
05.989 1957 -010.3 092.21
05.989 1957 -010.3 092.29
05.989 1957 -010.3 092.37
06.175 1938 -010.3 092.46
06.175 1938 -010.5 092.55
06.175 1938 -010.5 092.63
06.175 1938 -010.5 092.71
06.175 1938 -010.5 092.80
06.175 1938 -010.5 092.88
06.175 1938 -010.5 092.96
06.175 1938 -010.5 093.04
05.924 1957 -010.8 093.13
05.924 1957 -010.8 093.21
05.924 1957 -010.8 093.29
05.924 1957 -010.8 093.37
05.924 1957 -010.8 093.46
05.924 1957 -010.8 093.55
05.924 1957 -010.8 093.64
06.115 1938 -010.6 093.72
06.115 1938 -010.6 093.81
06.115 1938 -010.6 093.89
06.115 1938 -010.6 093.97
06.115 1938 -010.6 094.05
06.115 1938 -010.6 094.14
06.115 1938 -010.6 094.22
05.881 1957 -010.2 094.31
05.881 1957 -010.2 094.39
05.881 1957 -010.2 094.47
05.881 1957 -010.2 094.55
05.881 1957 -010.2 094.64
05.881 1957 -010.2 094.72
05.881 1957 -010.2 094.81
05.968 1957 -010.6 094.90
05.968 1957 -010.6 095.00
05.968 1957 -010.6 095.08
05.968 1957 -010.6 095.16
05.968 1957 -010.6 095.26
05.968 1957 -010.6 095.34
05.968 1957 -010.6 095.43
05.782 1957 -010.8 095.51
05.782 1957 -010.8 095.59
05.782 1957 -010.8 095.69
05.782 1957 -010.8 095.78
05.782 1957 -010.8 095.86
05.782 1957 -010.8 095.94
05.782 1957 -010.8 096.02
05.876 1957 -010.7 096.11
05.876 1957 -010.7 096.20
05.876 1957 -010.7 096.28
05.876 1957 -010.7 096.36
05.876 1957 -010.7 096.44
05.876 1957 -010.7 096.54
05.876 1957 -010.7 096.63
05.941 1976 -010.9 096.71
05.941 1976 -010.9 096.79
05.941 1976 -010.9 096.87
05.941 1976 -010.9 096.95
05.941 1976 -010.9 097.04
05.941 1976 -010.9 097.13
05.941 1976 -010.9 097.21
05.858 1938 -011.1 097.29
05.858 1938 -011.1 097.38
05.858 1938 -011.1 097.48
05.858 1938 -011.1 097.56
05.858 1938 -011.1 097.66
05.858 1938 -011.1 097.74
05.858 1938 -011.1 097.82
05.947 1957 -011.0 097.91
05.947 1957 -011.0 098.00
05.947 1957 -011.0 098.08
05.947 1957 -011.0 098.16
05.947 1957 -011.0 098.25
05.947 1957 -011.0 098.35
05.947 1957 -011.0 098.43
05.728 1957 -011.2 098.51
05.728 1957 -011.2 098.60
05.728 1957 -011.2 098.69
05.728 1957 -011.2 098.79
05.728 1957 -011.2 098.88
05.728 1957 -011.2 098.98
05.728 1957 -011.2 099.06
05.814 1957 -011.1 099.14
05.814 1957 -011.1 099.22
05.814 1957 -011.1 099.31
05.814 1957 -011.1 099.39
05.814 1957 -011.1 099.47
05.814 1957 -011.1 099.56
05.814 1957 -011.1 099.64
05.73 1957 -011.1 099.72
05.73 1957 -011.1 099.80
05.73 1957 -011.1 099.89
05.73 1957 -011.1 099.97
05.73 1957 -011.1 100.06
05.73 1957 -011.1 100.14
05.73 1957 -011.1 100.22
05.936 1957 -011.1 100.31
05.936 1957 -011.1 100.39
05.936 1957 -011.1 100.48
05.936 1957 -011.1 100.57
05.936 1957 -011.1 100.65
05.936 1957 -011.1 100.74
05.936 1957 -011.1 100.83
05.814 1957 -011.4 100.93
05.814 1957 -011.4 101.01
05.814 1957 -011.4 101.09
05.814 1957 -011.4 101.17
05.814 1957 -011.4 101.25
05.814 1957 -011.4 101.34
05.814 1957 -011.4 101.42
05.894 1957 -011.4 101.50
05.894 1957 -011.8 101.58
05.894 1957 -011.8 101.67
05.894 1957 -011.8 101.77
05.894 1957 -011.8 101.85
05.894 1957 -011.8 101.93
05.894 1957 -011.8 102.02
06.017 1938 -011.8 102.10
06.017 1938 -011.6 102.18
06.017 1938 -011.6 102.27
06.017 1938 -011.6 102.35
06.017 1938 -011.6 102.44
06.017 1938 -011.6 102.52
06.017 1938 -011.6 102.60
06.017 1938 -011.6 102.68
05.989 1957 -011.8 102.77
05.989 1957 -011.8 102.85
05.989 1957 -011.8 102.93
05.989 1957 -011.8 103.02
05.989 1957 -011.8 103.11
05.989 1957 -011.8 103.21
05.989 1957 -011.8 103.29
05.958 1938 -011.7 103.37
05.958 1938 -011.7 103.45
05.958 1938 -011.7 103.53
05.958 1938 -011.7 103.61
05.958 1938 -011.7 103.70
05.958 1938 -011.7 103.78
05.958 1938 -011.7 103.86
05.963 1957 -012.1 103.94
05.963 1957 -012.1 104.04
05.963 1957 -012.1 104.13
05.963 1957 -012.1 104.21
05.963 1957 -012.1 104.32
05.963 1957 -012.1 104.40
05.963 1957 -012.1 104.48
05.988 1938 -012.1 104.57
05.988 1938 -012.1 104.65
05.988 1938 -012.1 104.73
05.988 1938 -012.1 104.81
05.988 1938 -012.1 104.90
05.988 1938 -012.1 104.98
05.988 1938 -012.1 105.08
06.101 1976 -012.1 105.17
06.101 1976 -012.1 105.25
06.101 1976 -012.1 105.33
06.101 1976 -012.1 105.42
06.101 1976 -012.1 105.52
06.101 1976 -012.1 105.60
06.101 1976 -012.1 105.68
06.099 1938 -012.3 105.76
06.099 1938 -012.3 105.85
06.099 1938 -012.3 105.93
06.099 1938 -012.3 106.01
06.099 1938 -012.3 106.10
06.099 1938 -012.3 106.18
06.099 1938 -012.3 106.26
06.237 1938 -012.4 106.35
06.237 1938 -012.4 106.44
06.237 1938 -012.4 106.52
06.237 1938 -012.4 106.60
06.237 1938 -012.4 106.68
06.237 1938 -012.4 106.77
06.237 1938 -012.4 106.85
06.148 1957 -012.4 106.94
06.148 1957 -012.4 107.02
06.148 1957 -012.4 107.10
06.148 1957 -012.4 107.18
06.148 1957 -012.4 107.27
06.148 1957 -012.4 107.35
06.148 1957 -012.4 107.43
06.439 1976 -012.4 107.52
06.439 1976 -012.4 107.60
06.439 1976 -012.4 107.69
06.439 1976 -012.4 107.77
06.439 1976 -012.4 107.85
06.439 1976 -012.4 107.95
06.439 1976 -012.4 108.03
06.567 1976 -012.4 108.12
06.567 1919 -012.7 108.22
06.567 1919 -012.7 108.30
06.567 1919 -012.7 108.38
06.567 1919 -012.7 108.46
06.567 1919 -012.7 108.55
06.567 1919 -012.7 108.63
06.567 1919 -012.7 108.71
07.039 1919 -012.7 108.80
07.039 1919 -012.7 108.87
07.039 1919 -012.7 108.95
07.039 1919 -012.7 109.04
07.039 1919 -012.7 109.14
07.039 1919 -012.7 109.23
07.373 1919 -012.7 109.31
07.373 1900 -012.8 109.39
07.373 1900 -012.8 109.47
07.373 1900 -012.8 109.57
07.373 1900 -012.8 109.65
07.373 1900 -012.8 109.74
07.373 1900 -012.8 109.81
07.373 1900 -012.8 109.89
07.457 1881 -012.6 109.98
07.457 1881 -012.6 110.06
07.457 1881 -012.6 110.14
07.457 1881 -012.6 110.23
07.457 1881 -012.6 110.32
07.457 1881 -012.6 110.41
07.457 1881 -012.6 110.50
07.659 1900 -013.0 110.59
07.659 1900 -013.0 110.67
07.659 1900 -013.0 110.75
07.659 1900 -013.0 110.84
07.659 1900 -013.0 110.94
07.659 1900 -013.0 111.03
07.659 1900 -013.0 111.11
07.698 1900 -013.1 111.19
07.698 1900 -013.1 111.28
07.698 1900 -013.1 111.36
07.698 1900 -013.1 111.45
07.698 1900 -013.1 111.53
07.698 1900 -013.1 111.62
07.698 1900 -013.1 111.70
07.06 1881 -013.2 111.79
07.06 1881 -013.2 111.87
07.06 1881 -013.2 111.96
07.06 1881 -013.2 112.04
07.06 1881 -013.2 112.12
07.06 1881 -013.2 112.20
07.06 1881 -013.2 112.28
05.586 1976 -013.1 112.37
05.586 1976 -013.1 112.45
05.586 1976 -013.1 112.54
05.586 1976 -013.1 112.62
05.586 1976 -013.1 112.71
05.586 1976 -013.1 112.80
05.586 1976 -013.1 112.88
05.174 2033 -013.4 112.96
05.174 2033 -013.4 113.05
05.174 2033 -013.4 113.14
05.174 2033 -013.4 113.22
05.174 2033 -013.4 113.31
05.174 2033 -013.4 113.39
05.174 2033 -013.4 113.47
05.231 1995 -013.3 113.55
05.231 1995 -013.3 113.63
05.231 1995 -013.3 113.71
05.231 1995 -013.3 113.79
05.231 1995 -013.3 113.88
05.231 1995 -013.3 113.96
05.231 1995 -013.3 114.05
05.212 1995 -013.5 114.15
05.212 1995 -013.5 114.24
05.212 1995 -013.5 114.32
05.212 1995 -013.5 114.41
05.212 1995 -013.5 114.50
05.212 1995 -013.5 114.58
05.212 1995 -013.5 114.67
05.343 2014 -013.7 114.76
05.343 2014 -013.7 114.85
05.343 2014 -013.7 114.93
05.343 2014 -013.7 115.01
05.343 2014 -013.7 115.09
05.343 2014 -013.7 115.18
05.343 2014 -013.7 115.26
05.301 1976 -013.7 115.37
05.301 1976 -013.7 115.45
05.301 1976 -013.7 115.53
05.301 1976 -013.7 115.61
05.301 1976 -013.7 115.70
05.301 1976 -013.7 115.78
05.301 1976 -013.7 115.87
05.383 1995 -013.6 115.95
05.383 1995 -013.6 116.04
05.383 1995 -013.6 116.12
05.383 1995 -013.6 116.20
05.383 1995 -013.6 116.29
05.383 1995 -013.6 116.38
05.383 1995 -013.6 116.47
05.532 1976 -013.6 116.55
05.532 1976 -013.7 116.64
05.532 1976 -013.7 116.72
05.532 1976 -013.7 116.81
05.532 1976 -013.7 116.90
05.532 1976 -013.7 116.98
05.532 1976 -013.7 117.07
05.704 1976 -014.1 117.16
05.704 1976 -014.1 117.25
05.704 1976 -014.1 117.33
05.704 1976 -014.1 117.42
05.704 1976 -014.1 117.51
05.704 1976 -014.1 117.60
05.704 1976 -014.1 117.69
06.111 1976 -014.0 117.77
06.111 1976 -014.0 117.86
06.111 1976 -014.0 117.95
06.111 1976 -014.0 118.03
06.111 1976 -014.0 118.12
06.111 1976 -014.0 118.20
06.111 1976 -014.0 118.29
06.321 1957 -014.0 118.37
06.321 1957 -014.0 118.46
06.321 1957 -014.0 118.55
06.321 1957 -014.0 118.64
06.321 1957 -014.0 118.72
06.321 1957 -014.0 118.81
06.321 1957 -014.0 118.90
06.59 1957 -014.1 118.99
06.59 1957 -014.1 119.07
06.59 1957 -014.1 119.15
06.59 1957 -014.1 119.25
06.59 1957 -014.1 119.34
06.59 1957 -014.1 119.42
06.59 1957 -014.1 119.51
06.723 1938 -014.2 119.59
06.723 1938 -014.2 119.67
06.723 1938 -014.2 119.76
06.723 1938 -014.2 119.85
06.723 1938 -014.2 119.94
06.723 1938 -014.2 120.03
06.723 1938 -014.2 120.11
06.705 1957 -014.1 120.19
06.705 1957 -014.1 120.29
06.705 1957 -014.1 120.37
06.705 1957 -014.1 120.46
06.705 1957 -014.1 120.56
06.705 1957 -014.1 120.65
06.705 1957 -014.1 120.74
06.804 1938 -014.4 120.83
06.804 1938 -014.4 120.91
06.804 1938 -014.4 120.99
06.804 1938 -014.4 121.07
06.804 1938 -014.4 121.15
06.804 1938 -014.4 121.25
06.804 1938 -014.4 121.34
06.704 1938 -014.5 121.42
06.704 1938 -014.5 121.50
06.704 1938 -014.5 121.59
06.704 1938 -014.5 121.67
06.704 1938 -014.5 121.76
06.704 1938 -014.5 121.85
06.704 1938 -014.5 121.93
06.963 1938 -014.6 122.02
06.963 1938 -014.6 122.12
06.963 1938 -014.6 122.21
06.963 1938 -014.6 122.30
06.963 1938 -014.6 122.38
06.963 1938 -014.6 122.46
06.963 1938 -014.6 122.54
07 1919 -014.7 122.63
07 1919 -014.7 122.71
07 1919 -014.7 122.79
07 1919 -014.7 122.88
07 1919 -014.7 122.98
07 1919 -014.7 123.06
06.88 1919 -014.7 123.16
06.88 1938 -014.7 123.25
06.88 1938 -014.7 123.34
06.88 1938 -014.7 123.42
06.88 1938 -014.7 123.50
06.88 1938 -014.7 123.58
06.88 1938 -014.7 123.67
06.88 1938 -014.7 123.75
07.01 1919 -014.7 123.83
07.01 1919 -014.7 123.91
07.01 1919 -014.7 123.99
07.01 1919 -014.7 124.08
07.01 1919 -014.7 124.16
07.01 1919 -014.7 124.24
07.01 1919 -014.7 124.33
07.126 1919 -014.8 124.42
07.126 1919 -014.8 124.50
07.126 1919 -014.8 124.58
07.126 1919 -014.8 124.67
07.126 1919 -014.8 124.75
07.126 1919 -014.8 124.84
07.126 1919 -014.8 124.94
07.044 1938 -014.9 125.02
07.044 1938 -014.9 125.10
07.044 1938 -014.9 125.18
07.044 1938 -014.9 125.26
07.044 1938 -014.9 125.35
07.044 1938 -014.9 125.43
07.044 1938 -014.9 125.51
07.139 1919 -015.3 125.60
07.139 1919 -015.3 125.69
07.139 1919 -015.3 125.77
07.139 1919 -015.3 125.86
07.139 1919 -015.3 125.94
07.139 1919 -015.3 126.02
07.139 1919 -015.3 126.11
07.266 1938 -015.3 126.19
07.266 1938 -015.3 126.28
07.266 1938 -015.3 126.36
07.266 1938 -015.3 126.44
07.266 1938 -015.3 126.53
07.266 1938 -015.3 126.62
07.266 1938 -015.3 126.70
07.381 1900 -015.3 126.78
07.381 1900 -015.1 126.86
07.381 1900 -015.1 126.94
07.381 1900 -015.1 127.04
07.381 1900 -015.1 127.12
07.381 1900 -015.1 127.22
07.381 1900 -015.1 127.30
07.452 1938 -015.1 127.38
07.452 1938 -015.2 127.47
07.452 1938 -015.2 127.57
07.452 1938 -015.2 127.65
07.452 1938 -015.2 127.73
07.452 1938 -015.2 127.82
07.452 1938 -015.2 127.89
07.45 1938 -015.2 127.98
07.45 1900 -015.5 128.06
07.45 1900 -015.5 128.15
07.45 1900 -015.5 128.23
07.45 1900 -015.5 128.31
07.45 1900 -015.5 128.40
07.45 1900 -015.5 128.48
07.45 1900 -015.5 128.56
07.528 1919 -015.6 128.65
07.528 1919 -015.6 128.73
07.528 1919 -015.6 128.82
07.528 1919 -015.6 128.90
07.528 1919 -015.6 129.00
07.528 1919 -015.6 129.09
07.528 1919 -015.6 129.17
07.548 1919 -015.5 129.25
07.548 1919 -015.5 129.33
07.548 1919 -015.5 129.41
07.548 1919 -015.5 129.51
07.548 1919 -015.5 129.60
07.548 1919 -015.5 129.68
07.548 1919 -015.5 129.76
07.591 1881 -015.8 129.85
07.591 1881 -015.8 129.93
07.591 1881 -015.8 130.02
07.591 1881 -015.8 130.10
07.591 1881 -015.8 130.18
07.591 1881 -015.8 130.26
07.591 1881 -015.8 130.35
07.643 1881 -015.6 130.43
07.643 1881 -015.6 130.51
07.643 1881 -015.6 130.59
07.643 1881 -015.6 130.69
07.643 1881 -015.6 130.77
07.643 1881 -015.6 130.85
07.643 1881 -015.6 130.95
08.068 1881 -015.6 131.03
08.068 1881 -015.6 131.11
08.068 1881 -015.6 131.19
08.068 1881 -015.6 131.27
08.068 1881 -015.6 131.36
08.068 1881 -015.6 131.45
08.068 1881 -015.6 131.53
08.221 1824 -015.6 131.61
08.221 1824 -015.9 131.69
08.221 1824 -015.9 131.77
08.221 1824 -015.9 131.86
08.221 1824 -015.9 131.95
08.221 1824 -015.9 132.04
08.221 1824 -015.9 132.13
07.036 1824 -016.1 132.22
07.036 1824 -016.1 132.32
07.036 1824 -016.1 132.40
07.036 1824 -016.1 132.49
07.036 1824 -016.1 132.58
07.036 1824 -016.1 132.66
07.036 1824 -016.1 132.74