04.094 2242 -006.8 000.03
04.094 2242 -006.8 000.12
04.094 2242 -006.8 000.20
04.094 2242 -006.8 000.29
04.094 2242 -006.8 000.37
04.003 2280 -007.0 000.45
04.003 2280 -007.0 000.54
04.003 2280 -007.0 000.62
04.003 2280 -007.0 000.70
04.003 2280 -007.0 000.79
04.003 2280 -007.0 000.87
04.003 2280 -007.0 000.96
03.946 2261 -007.2 001.05
03.946 2261 -007.2 001.15
03.946 2261 -007.2 001.25
03.946 2261 -007.2 001.34
03.946 2261 -007.2 001.42
03.946 2261 -007.2 001.50
03.914 2261 -007.0 001.61
03.914 2261 -007.0 001.69
03.914 2261 -007.0 001.77
03.914 2261 -007.0 001.87
03.914 2261 -007.0 001.96
03.914 2261 -007.0 002.04
03.914 2261 -007.0 002.12
03.852 2261 -007.3 002.21
03.852 2261 -007.3 002.29
03.852 2261 -007.3 002.38
03.852 2261 -007.3 002.47
03.852 2261 -007.3 002.55
03.852 2261 -007.3 002.65
03.852 2261 -007.3 002.74
03.789 2261 -007.2 002.84
03.789 2261 -007.2 002.92
03.789 2261 -007.2 003.00
03.789 2261 -007.2 003.08
03.789 2261 -007.2 003.16
03.789 2261 -007.2 003.25
03.789 2261 -007.2 003.35
03.888 2299 -007.4 003.43
03.888 2299 -007.4 003.51
03.888 2299 -007.4 003.60
03.888 2299 -007.4 003.69
03.888 2299 -007.4 003.77
03.888 2299 -007.4 003.86
03.888 2299 -007.4 003.95
03.447 2261 -007.4 004.03
03.447 2261 -007.4 004.11
03.447 2261 -007.4 004.20
03.447 2261 -007.4 004.30
03.447 2261 -007.4 004.38
03.447 2261 -007.4 004.47
03.447 2261 -007.4 004.55
03.523 2280 -007.6 004.63
03.523 2280 -007.6 004.72
03.523 2280 -007.6 004.80
03.523 2280 -007.6 004.88
03.523 2280 -007.6 004.96
03.523 2280 -007.6 005.05
03.523 2280 -007.6 005.13
03.303 2261 -007.6 005.21
03.303 2261 -007.6 005.30
03.303 2261 -007.6 005.40
03.303 2261 -007.6 005.48
03.303 2261 -007.6 005.57
03.303 2261 -007.6 005.65
03.303 2261 -007.6 005.73
03.287 2261 -007.6 005.81
03.287 2280 -007.9 005.90
03.287 2280 -007.9 005.98
03.287 2280 -007.9 006.07
03.287 2280 -007.9 006.15
03.287 2280 -007.9 006.23
03.287 2280 -007.9 006.31
03.287 2280 -007.9 006.40
03.345 2299 -007.8 006.50
03.345 2299 -007.8 006.58
03.345 2299 -007.8 006.66
03.345 2299 -007.8 006.75
03.345 2299 -007.8 006.85
03.345 2299 -007.8 006.93
03.655 2280 -007.8 007.02
03.655 2280 -008.1 007.10
03.655 2280 -008.1 007.19
03.655 2280 -008.1 007.27
03.655 2280 -008.1 007.35
03.655 2280 -008.1 007.44
03.655 2280 -008.1 007.52
03.546 2280 -008.1 007.61
03.546 2261 -008.1 007.71
03.546 2261 -008.1 007.80
03.546 2261 -008.1 007.88
03.546 2261 -008.1 007.96
03.546 2261 -008.1 008.04
03.546 2261 -008.1 008.12
03.536 2261 -008.1 008.22
03.536 2261 -008.1 008.30
03.536 2261 -008.1 008.38
03.536 2261 -008.1 008.47
03.536 2261 -008.1 008.55
03.536 2261 -008.1 008.63
03.536 2261 -008.1 008.72
03.536 2261 -008.1 008.80
03.363 2261 -008.1 008.88
03.363 2261 -008.1 008.98
03.363 2261 -008.1 009.08
03.363 2261 -008.1 009.18
03.363 2261 -008.1 009.26
03.363 2261 -008.1 009.34
03.127 2261 -008.1 009.42
03.127 2280 -008.4 009.50
03.127 2280 -008.4 009.59
03.127 2280 -008.4 009.68
03.127 2280 -008.4 009.76
03.127 2280 -008.4 009.85
03.127 2280 -008.4 009.93
03.127 2280 -008.4 010.01
03.269 2261 -008.1 010.09
03.269 2261 -008.1 010.18
03.269 2261 -008.1 010.26
03.269 2261 -008.1 010.36
03.269 2261 -008.1 010.44
03.269 2261 -008.1 010.53
03.486 2280 -008.1 010.62
03.486 2280 -008.2 010.71
03.486 2280 -008.2 010.79
03.486 2280 -008.2 010.87
03.486 2280 -008.2 010.95
03.486 2280 -008.2 011.03
03.486 2280 -008.2 011.11
03.486 2280 -008.2 011.20
03.274 2261 -008.3 011.28
03.274 2261 -008.3 011.37
03.274 2261 -008.3 011.45
03.274 2261 -008.3 011.55
03.274 2261 -008.3 011.64
03.274 2261 -008.3 011.73
03.274 2261 -008.3 011.81
03.191 2261 -008.2 011.90
03.191 2261 -008.2 011.99
03.191 2261 -008.2 012.08
03.191 2261 -008.2 012.16
03.191 2261 -008.2 012.24
03.191 2261 -008.2 012.32
03.191 2261 -008.2 012.41
03.434 2261 -008.2 012.49
03.434 2261 -008.2 012.57
03.434 2261 -008.2 012.65
03.434 2261 -008.2 012.73
03.434 2261 -008.2 012.81
03.434 2261 -008.2 012.90
03.434 2261 -008.2 012.99
03.059 2280 -008.5 013.07
03.059 2280 -008.5 013.15
03.059 2280 -008.5 013.24
03.059 2280 -008.5 013.32
03.059 2280 -008.5 013.40
03.059 2280 -008.5 013.48
03.059 2280 -008.5 013.56
03.208 2261 -008.5 013.66
03.208 2261 -008.5 013.75
03.208 2261 -008.5 013.82
03.208 2261 -008.5 013.91
03.208 2261 -008.5 013.99
03.208 2261 -008.5 014.07
03.208 2261 -008.5 014.18
03.049 2261 -008.5 014.26
03.049 2261 -008.5 014.34
03.049 2261 -008.5 014.42
03.049 2261 -008.5 014.51
03.049 2261 -008.5 014.61
03.049 2261 -008.5 014.70
03.049 2261 -008.5 014.78
03.144 2261 -008.6 014.86
03.144 2261 -008.6 014.95
03.144 2261 -008.6 015.03
03.144 2261 -008.6 015.11
03.144 2261 -008.6 015.20
03.144 2261 -008.6 015.28
03.144 2261 -008.6 015.36
03.234 2280 -008.7 015.46
03.234 2280 -008.7 015.54
03.234 2280 -008.7 015.62
03.234 2280 -008.7 015.71
03.234 2280 -008.7 015.80
03.234 2280 -008.7 015.89
03.234 2280 -008.7 015.98
03.455 2299 -008.5 016.06
03.455 2299 -008.5 016.14
03.455 2299 -008.5 016.22
03.455 2299 -008.5 016.31
03.455 2299 -008.5 016.39
03.455 2299 -008.5 016.49
03.455 2299 -008.5 016.58
02.924 2261 -008.8 016.67
02.924 2261 -008.8 016.76
02.924 2261 -008.8 016.84
02.924 2261 -008.8 016.92
02.924 2261 -008.8 017.01
02.924 2261 -008.8 017.09
02.924 2261 -008.8 017.18
03.326 2261 -009.0 017.26
03.326 2261 -009.0 017.34
03.326 2261 -009.0 017.42
03.326 2261 -009.0 017.50
03.326 2261 -009.0 017.59
03.326 2261 -009.0 017.67
03.326 2261 -009.0 017.75
03.326 2261 -009.0 017.83
02.965 2280 -009.1 017.92
02.965 2280 -009.1 018.01
02.965 2280 -009.1 018.10
02.965 2280 -009.1 018.18
02.965 2280 -009.1 018.26
02.965 2280 -009.1 018.35
02.965 2280 -009.1 018.43
03.337 2261 -009.0 018.52
03.337 2261 -009.0 018.60
03.337 2261 -009.0 018.68
03.337 2261 -009.0 018.76
03.337 2261 -009.0 018.85
