06.29 2679 099.1 000.03
06.29 2679 099.1 000.13
06.29 2679 099.1 000.21
06.29 2679 099.1 000.30
06.365 2679 098.9 000.38
06.365 2679 098.9 000.46
06.365 2679 098.9 000.54
06.365 2679 098.9 000.62
06.365 2679 098.9 000.70
06.365 2679 098.9 000.80
06.365 2679 098.9 000.88
06.435 2660 098.9 000.96
06.435 2660 098.8 001.06
06.435 2660 098.8 001.17
06.435 2660 098.8 001.28
06.435 2660 098.8 001.36
06.435 2660 098.8 001.45
06.435 2660 098.8 001.53
06.482 2679 098.8 001.61
06.482 2679 098.8 001.70
06.482 2679 098.8 001.78
06.482 2679 098.8 001.86
06.482 2679 098.8 001.95
06.482 2679 098.8 002.03
06.482 2679 098.8 002.11
06.567 2660 098.6 002.19
06.567 2660 098.6 002.28
06.567 2660 098.6 002.36
06.567 2660 098.6 002.44
06.567 2660 098.6 002.54
06.567 2660 098.6 002.62
06.567 2660 098.6 002.70
06.619 2698 098.3 002.78
06.619 2698 098.3 002.87
06.619 2698 098.3 002.94
06.619 2698 098.3 003.03
06.619 2698 098.3 003.11
06.619 2698 098.3 003.19
06.619 2698 098.3 003.27
06.65 2698 098.3 003.35
06.65 2698 098.3 003.43
06.65 2698 098.3 003.53
06.65 2698 098.3 003.61
06.65 2698 098.3 003.70
06.65 2698 098.3 003.78
06.65 2698 098.3 003.86
06.65 2698 098.3 003.94
06.874 2660 098.3 004.04
06.874 2660 098.3 004.13
06.874 2660 098.3 004.21
06.874 2660 098.3 004.30
06.874 2660 098.3 004.38
06.874 2660 098.3 004.45
06.874 2660 098.3 004.54
06.718 2660 098.4 004.62
06.718 2660 098.4 004.72
06.718 2660 098.4 004.82
06.718 2660 098.4 004.90
06.718 2660 098.4 004.99
06.718 2660 098.4 005.07
06.718 2660 098.4 005.15
06.673 2660 098.2 005.23
06.673 2660 098.2 005.33
06.673 2660 098.2 005.41
06.673 2660 098.2 005.50
06.673 2660 098.2 005.58
06.673 2660 098.2 005.66
06.673 2660 098.2 005.75
06.713 2679 098.0 005.83
06.713 2679 098.0 005.91
06.713 2679 098.0 005.99
06.713 2679 098.0 006.08
06.713 2679 098.0 006.16
06.713 2679 098.0 006.24
06.713 2679 098.0 006.33
06.754 2660 097.8 006.41
06.754 2660 097.8 006.50
06.754 2660 097.8 006.59
06.754 2660 097.8 006.68
06.754 2660 097.8 006.76
06.754 2660 097.8 006.85
06.754 2660 097.8 006.93
06.746 2660 097.7 007.01
06.746 2660 097.7 007.10
06.746 2660 097.7 007.20
06.746 2660 097.7 007.28
06.746 2660 097.7 007.37
06.746 2660 097.7 007.45
06.746 2660 097.7 007.54
06.775 2660 097.4 007.62
06.775 2660 097.4 007.70
06.775 2660 097.4 007.79
06.775 2660 097.4 007.88
06.775 2660 097.4 007.96
06.775 2660 097.4 008.04
06.775 2660 097.4 008.12
06.895 2679 097.3 008.21
06.895 2679 097.3 008.30
06.895 2679 097.3 008.38
06.895 2679 097.3 008.46
06.895 2679 097.3 008.54
06.895 2679 097.3 008.62
06.895 2679 097.3 008.72
06.932 2660 097.3 008.81
06.932 2660 097.3 008.89
06.932 2660 097.3 008.97
06.932 2660 097.3 009.05
06.932 2660 097.3 009.14
06.932 2660 097.3 009.22
06.932 2660 097.3 009.31
06.661 2660 097.3 009.39
06.661 2660 097.3 009.47
06.661 2660 097.3 009.55
06.661 2660 097.3 009.64
06.661 2660 097.3 009.72
06.661 2660 097.3 009.81
06.661 2660 097.3 009.88
06.691 2660 097.3 009.98
06.691 2660 097.0 010.06
06.691 2660 097.0 010.14
06.691 2660 097.0 010.23
06.691 2660 097.0 010.31
06.691 2660 097.0 010.39
06.691 2660 097.0 010.47
06.691 2660 097.0 010.55
06.845 2660 097.0 010.63
06.845 2660 097.0 010.73
06.845 2660 097.0 010.81
06.845 2660 097.0 010.90
06.845 2660 097.0 010.98
06.845 2660 097.0 011.06
06.845 2660 097.0 011.15
06.785 2679 097.0 011.23
06.785 2679 097.0 011.31
06.785 2679 097.0 011.39
06.785 2679 097.0 011.47
06.785 2679 097.0 011.56
06.785 2679 097.0 011.64
06.785 2679 097.0 011.74
06.67 2660 096.7 011.82
06.67 2660 096.7 011.90
06.67 2660 096.7 011.99
06.67 2660 096.7 012.07
06.67 2660 096.7 012.15
06.67 2660 096.7 012.23
06.67 2660 096.7 012.34
06.84 2679 096.7 012.42
06.84 2679 096.7 012.50
06.84 2679 096.7 012.59
06.84 2679 096.7 012.67
06.84 2679 096.7 012.75
06.84 2679 096.7 012.84
06.84 2679 096.7 012.94
06.851 2660 096.5 013.02
06.851 2660 096.5 013.11
06.851 2660 096.5 013.19
06.851 2660 096.5 013.27
06.851 2660 096.5 013.35
06.851 2660 096.5 013.45
06.851 2660 096.5 013.55
06.937 2660 096.4 013.63
06.937 2660 096.4 013.71
06.937 2660 096.4 013.80
06.937 2660 096.4 013.88
06.937 2660 096.4 013.96
06.937 2660 096.4 014.04
06.937 2660 096.4 014.14
07.084 2641 096.2 014.23
07.084 2641 096.2 014.33
07.084 2641 096.2 014.42
07.084 2641 096.2 014.50
07.084 2641 096.2 014.59
07.084 2641 096.2 014.67
07.084 2641 096.2 014.75
07.05 2660 096.2 014.83
07.05 2660 096.2 014.93
07.05 2660 096.2 015.01
07.05 2660 096.2 015.09
07.05 2660 096.2 015.19
07.05 2660 096.2 015.27
07.05 2660 096.2 015.36
07.154 2641 096.3 015.44
07.154 2641 096.3 015.53
07.154 2641 096.3 015.61
07.154 2641 096.3 015.70
07.154 2641 096.3 015.78
07.154 2641 096.3 015.86
07.154 2641 096.3 015.94
07.075 2660 096.1 016.02
07.075 2660 096.1 016.11
07.075 2660 096.1 016.21
07.075 2660 096.1 016.29
07.075 2660 096.1 016.37
07.075 2660 096.1 016.45
07.075 2660 096.1 016.53
06.738 2660 095.8 016.62
06.738 2660 095.8 016.70
06.738 2660 095.8 016.78
06.738 2660 095.8 016.88
06.738 2660 095.8 016.96
06.738 2660 095.8 017.04
06.738 2660 095.8 017.14
06.668 2660 095.7 017.22
06.668 2660 095.7 017.30
06.668 2660 095.7 017.39
06.668 2660 095.7 017.46
06.668 2660 095.7 017.55
06.668 2660 095.7 017.65
06.668 2660 095.7 017.74
06.845 2679 095.7 017.82
06.845 2679 095.4 017.90
06.845 2679 095.4 017.99
06.845 2679 095.4 018.08
06.845 2679 095.4 018.17
06.845 2679 095.4 018.27
06.845 2679 095.4 018.36
06.887 2660 095.5 018.44
06.887 2660 095.5 018.52
06.887 2660 095.5 018.60
06.887 2660 095.5 018.69
06.887 2660 095.5 018.77
06.887 2660 095.5 018.86
06.887 2660 095.5 018.93
