04.001 2888 -099.8 000.03
04.001 2888 -099.8 000.11
04.001 2888 -099.8 000.19
04.001 2888 -099.8 000.28
03.945 2850 -099.6 000.38
03.945 2850 -099.6 000.47
03.945 2850 -099.6 000.56
03.945 2850 -099.6 000.64
03.945 2850 -099.6 000.73
03.945 2850 -099.6 000.82
03.945 2850 -099.6 000.90
04.087 2850 -099.7 000.99
04.087 2850 -099.7 001.07
04.087 2850 -099.7 001.17
04.087 2850 -099.7 001.33
04.087 2850 -099.7 001.41
04.087 2850 -099.7 001.50
03.966 2850 -100.2 001.60
03.966 2850 -100.2 001.68
03.966 2850 -100.2 001.76
03.966 2850 -100.2 001.85
03.966 2850 -100.2 001.94
03.966 2850 -100.2 002.02
03.966 2850 -100.2 002.11
04.081 2869 -100.2 002.19
04.081 2869 -100.2 002.28
04.081 2869 -100.2 002.36
04.081 2869 -100.2 002.44
04.081 2869 -100.2 002.53
04.081 2869 -100.2 002.60
04.081 2869 -100.2 002.69
03.888 2850 -100.1 002.78
03.888 2850 -100.1 002.88
03.888 2850 -100.1 002.97
03.888 2850 -100.1 003.05
03.888 2850 -100.1 003.13
03.888 2850 -100.1 003.22
03.888 2850 -100.1 003.30
03.917 2850 -100.2 003.40
03.917 2850 -100.2 003.48
03.917 2850 -100.2 003.56
03.917 2850 -100.2 003.67
03.917 2850 -100.2 003.74
03.917 2850 -100.2 003.85
03.917 2850 -100.2 003.92
04.231 2850 -100.3 004.00
04.231 2850 -100.3 004.08
04.231 2850 -100.3 004.16
04.231 2850 -100.3 004.26
04.231 2850 -100.3 004.35
04.231 2850 -100.3 004.43
04.231 2850 -100.3 004.51
03.94 2850 -100.3 004.59
03.94 2869 -100.6 004.68
03.94 2869 -100.6 004.76
03.94 2869 -100.6 004.85
03.94 2869 -100.6 004.93
03.94 2869 -100.6 005.02
03.94 2869 -100.6 005.10
03.836 2926 -100.6 005.18
03.836 2926 -100.6 005.27
03.836 2926 -100.6 005.35
03.836 2926 -100.6 005.43
03.836 2926 -100.6 005.51
03.836 2926 -100.6 005.60
03.836 2926 -100.6 005.69
03.873 2869 -100.9 005.80
03.873 2869 -100.9 005.89
03.873 2869 -100.9 005.99
03.873 2869 -100.9 006.07
03.873 2869 -100.9 006.15
03.873 2869 -100.9 006.23
03.873 2869 -100.9 006.31
03.909 2850 -100.7 006.39
03.909 2850 -100.7 006.47
03.909 2850 -100.7 006.55
03.909 2850 -100.7 006.65
03.909 2850 -100.7 006.73
03.909 2850 -100.7 006.81
03.909 2850 -100.7 006.89
03.844 2869 -100.7 006.98
03.844 2869 -100.8 007.06
03.844 2869 -100.8 007.15
03.844 2869 -100.8 007.25
03.844 2869 -100.8 007.33
03.844 2869 -100.8 007.41
03.844 2869 -100.8 007.50
03.844 2869 -100.8 007.58
03.878 2869 -100.8 007.67
03.878 2869 -100.8 007.76
03.878 2869 -100.8 007.85
03.878 2869 -100.8 007.93
03.878 2869 -100.8 008.01
03.878 2869 -100.8 008.10
03.878 2869 -100.8 008.18
03.907 2869 -100.9 008.26
03.907 2869 -100.9 008.34
03.907 2869 -100.9 008.43
03.907 2869 -100.9 008.53
03.907 2869 -100.9 008.61
03.907 2869 -100.9 008.69
03.907 2869 -100.9 008.78
03.987 2850 -101.1 008.86
03.987 2850 -101.1 008.96
03.987 2850 -101.1 009.04
03.987 2850 -101.1 009.12
03.987 2850 -101.1 009.20
03.987 2850 -101.1 009.28
03.839 2850 -101.1 009.37
03.839 2850 -101.2 009.45
03.839 2850 -101.2 009.54
03.839 2850 -101.2 009.64
03.839 2850 -101.2 009.72
03.839 2850 -101.2 009.82
03.839 2850 -101.2 009.90
03.839 2850 -101.2 009.99
03.958 2850 -101.2 010.09
03.958 2850 -101.2 010.18
03.958 2850 -101.2 010.26
03.958 2850 -101.2 010.34
03.958 2850 -101.2 010.42
03.958 2850 -101.2 010.51
04.144 2869 -101.2 010.59
04.144 2869 -101.3 010.68
04.144 2869 -101.3 010.76
04.144 2869 -101.3 010.84
04.144 2869 -101.3 010.93
04.144 2869 -101.3 011.02
04.144 2869 -101.3 011.12
03.896 2869 -101.2 011.20
03.896 2869 -101.2 011.28
03.896 2869 -101.2 011.36
03.896 2869 -101.2 011.47
03.896 2869 -101.2 011.55
03.896 2869 -101.2 011.63
03.896 2869 -101.2 011.71
03.945 2869 -101.2 011.80
03.945 2850 -101.6 011.88
03.945 2850 -101.6 011.96
03.945 2850 -101.6 012.05
03.945 2850 -101.6 012.13
03.945 2850 -101.6 012.22
03.945 2850 -101.6 012.32
04.006 2869 -101.6 012.41
04.006 2869 -101.5 012.49
04.006 2869 -101.5 012.57
04.006 2869 -101.5 012.66
04.006 2869 -101.5 012.75
04.006 2869 -101.5 012.83
04.006 2869 -101.5 012.93
04.069 2850 -101.7 013.02
04.069 2850 -101.7 013.12
04.069 2850 -101.7 013.20
04.069 2850 -101.7 013.28
04.069 2850 -101.7 013.37
04.069 2850 -101.7 013.45
04.069 2850 -101.7 013.53
04.136 2831 -101.7 013.62
04.136 2831 -101.7 013.70
04.136 2831 -101.7 013.79
04.136 2831 -101.7 013.87
04.136 2831 -101.7 013.95
