06.431 2223 -014.5 000.03
06.342 2204 -014.5 000.13
06.342 2204 -014.7 000.21
06.342 2204 -014.7 000.31
06.342 2204 -014.7 000.39
06.342 2204 -014.7 000.47
06.342 2204 -014.7 000.56
06.342 2204 -014.7 000.65
06.645 2204 -014.7 000.74
06.645 2204 -014.7 000.82
06.645 2204 -014.7 000.90
06.645 2204 -014.7 000.98
06.645 2204 -014.7 001.08
06.645 2204 -014.7 001.17
06.645 2204 -014.7 001.29
06.287 2242 -014.8 001.37
06.287 2242 -014.8 001.49
06.287 2242 -014.8 001.58
06.287 2242 -014.8 001.66
06.287 2242 -014.8 001.74
06.287 2242 -014.8 001.82
06.287 2242 -014.8 001.91
05.988 2242 -015.0 001.99
05.988 2242 -015.0 002.07
05.988 2242 -015.0 002.15
05.988 2242 -015.0 002.24
05.988 2242 -015.0 002.32
05.988 2242 -015.0 002.42
05.988 2242 -015.0 002.50
06.115 2223 -015.1 002.58
06.115 2223 -015.1 002.66
06.115 2223 -015.1 002.77
06.115 2223 -015.1 002.85
06.115 2223 -015.1 002.94
06.115 2223 -015.1 003.02
06.115 2223 -015.1 003.12
06.59 2261 -015.1 003.20
06.59 2261 -015.1 003.28
06.59 2261 -015.1 003.37
06.59 2261 -015.1 003.47
06.59 2261 -015.1 003.56
06.59 2261 -015.1 003.65
06.89 2204 -015.1 003.74
06.89 2204 -015.2 003.82
06.89 2204 -015.2 003.90
06.89 2204 -015.2 003.99
06.89 2204 -015.2 004.07
06.89 2204 -015.2 004.16
06.89 2204 -015.2 004.24
06.89 2204 -015.2 004.33
06.655 2223 -015.3 004.41
06.655 2223 -015.3 004.49
06.655 2223 -015.3 004.58
06.655 2223 -015.3 004.66
06.655 2223 -015.3 004.74
06.655 2223 -015.3 004.82
06.655 2223 -015.3 004.91
06.802 2204 -015.3 004.99
06.802 2204 -015.3 005.08
06.802 2204 -015.3 005.16
06.802 2204 -015.3 005.24
06.802 2204 -015.3 005.33
06.802 2204 -015.3 005.43
06.802 2204 -015.3 005.52
06.214 2242 -015.4 005.60
06.214 2242 -015.4 005.68
06.214 2242 -015.4 005.77
06.214 2242 -015.4 005.85
06.214 2242 -015.4 005.93
06.214 2242 -015.4 006.03
06.214 2242 -015.4 006.12
06.352 2242 -015.7 006.20
06.352 2242 -015.7 006.29
06.352 2242 -015.7 006.37
06.352 2242 -015.7 006.46
06.352 2242 -015.7 006.55
06.352 2242 -015.7 006.63
06.352 2242 -015.7 006.71
06.412 2223 -015.9 006.79
06.412 2223 -015.9 006.89
06.412 2223 -015.9 006.97
06.412 2223 -015.9 007.05
06.412 2223 -015.9 007.13
06.412 2223 -015.9 007.21
06.412 2223 -015.9 007.29
06.807 2223 -016.0 007.37
06.807 2223 -016.0 007.45
06.807 2223 -016.0 007.55
06.807 2223 -016.0 007.64
06.807 2223 -016.0 007.72
06.807 2223 -016.0 007.80
06.807 2223 -016.0 007.88
07.079 2204 -016.0 007.96
07.079 2204 -015.8 008.05
07.079 2204 -015.8 008.15
07.079 2204 -015.8 008.23
07.079 2204 -015.8 008.31
07.079 2204 -015.8 008.39
07.079 2204 -015.8 008.49
06.519 2223 -015.9 008.59
06.519 2223 -015.9 008.67
06.519 2223 -015.9 008.75
06.519 2223 -015.9 008.83
06.519 2223 -015.9 008.92
06.519 2223 -015.9 009.00
06.519 2223 -015.9 009.08
06.668 2242 -015.9 009.16
06.668 2242 -016.1 009.25
06.668 2242 -016.1 009.35
06.668 2242 -016.1 009.45
06.668 2242 -016.1 009.53
06.668 2242 -016.1 009.62
06.668 2242 -016.1 009.70
06.465 2223 -016.0 009.79
06.465 2223 -016.0 009.88
06.465 2223 -016.0 009.97
06.465 2223 -016.0 010.05
06.465 2223 -016.0 010.14
06.465 2223 -016.0 010.22
06.465 2223 -016.0 010.31
06.446 2242 -016.1 010.39
06.446 2242 -016.1 010.48
06.446 2242 -016.1 010.57
06.446 2242 -016.1 010.65
06.446 2242 -016.1 010.74
06.446 2242 -016.1 010.82
06.446 2242 -016.1 010.90
06.109 2242 -016.3 010.99
06.109 2242 -016.3 011.07
06.109 2242 -016.3 011.16
06.109 2242 -016.3 011.24
06.109 2242 -016.3 011.32
06.109 2242 -016.3 011.41
06.109 2242 -016.3 011.50
06.261 2223 -016.3 011.58
06.261 2223 -016.4 011.66
06.261 2223 -016.4 011.75
06.261 2223 -016.4 011.85
06.261 2223 -016.4 011.94
06.261 2223 -016.4 012.02
06.261 2223 -016.4 012.11
05.952 2242 -016.5 012.19
05.952 2242 -016.5 012.28
05.952 2242 -016.5 012.37
05.952 2242 -016.5 012.46
05.952 2242 -016.5 012.54
05.952 2242 -016.5 012.63
05.952 2242 -016.5 012.71
06.538 2223 -016.4 012.80
06.538 2223 -016.4 012.90
06.538 2223 -016.4 012.99
06.538 2223 -016.4 013.07
06.538 2223 -016.4 013.15
06.538 2223 -016.4 013.23
06.538 2223 -016.4 013.32
06.289 2261 -016.7 013.40
06.289 2261 -016.7 013.51
06.289 2261 -016.7 013.59
06.289 2261 -016.7 013.67
06.289 2261 -016.7 013.75
06.289 2261 -016.7 013.83
06.289 2261 -016.7 013.91
06.261 2242 -016.8 014.00
06.261 2242 -016.8 014.08
06.261 2242 -016.8 014.16
06.261 2242 -016.8 014.25
06.261 2242 -016.8 014.33
06.261 2242 -016.8 014.44
06.261 2242 -016.8 014.52
06.302 2223 -016.8 014.60
06.302 2223 -016.8 014.68
06.302 2223 -016.8 014.77
06.302 2223 -016.8 014.86
06.302 2223 -016.8 014.95
06.302 2223 -016.8 015.05
06.302 2223 -016.8 015.13
06.616 2223 -017.0 015.21
06.616 2223 -017.0 015.29
06.616 2223 -017.0 015.38
06.616 2223 -017.0 015.47
06.616 2223 -017.0 015.55
06.616 2223 -017.0 015.65
06.616 2223 -017.0 015.73
06.514 2223 -017.0 015.81
06.514 2223 -017.0 015.90
06.514 2223 -017.0 015.98
06.514 2223 -017.0 016.06
06.514 2223 -017.0 016.14
06.514 2223 -017.0 016.22
06.514 2223 -017.0 016.30
06.913 2223 -017.0 016.39
06.913 2223 -016.9 016.48
06.913 2223 -016.9 016.56
06.913 2223 -016.9 016.64
06.913 2223 -016.9 016.73
06.913 2223 -016.9 016.82
06.913 2223 -016.9 016.91
06.916 2223 -017.2 017.00
06.916 2223 -017.2 017.10
06.916 2223 -017.2 017.18
06.916 2223 -017.2 017.27
06.916 2223 -017.2 017.36
06.916 2223 -017.2 017.45
06.916 2223 -017.2 017.54
07.329 2204 -017.3 017.63
07.329 2204 -017.3 017.72
07.329 2204 -017.3 017.81
07.329 2204 -017.3 017.90
07.329 2204 -017.3 017.98
07.329 2204 -017.3 018.07
07.329 2204 -017.3 018.16
07.8 2185 -017.3 018.25
07.8 2185 -017.3 018.34
07.8 2185 -017.3 018.42
07.8 2185 -017.3 018.50
07.8 2185 -017.3 018.60
07.8 2185 -017.3 018.69
07.8 2185 -017.3 018.76
07.894 2185 -017.3 018.84
07.894 2185 -017.3 018.93
07.894 2185 -017.3 019.01
07.894 2185 -017.3 019.09
07.894 2185 -017.3 019.18
07.894 2185 -017.3 019.27
07.894 2185 -017.3 019.35
05.676 2223 -017.8 019.44
05.676 2223 -017.8 019.52
05.676 2223 -017.8 019.60
05.676 2223 -017.8 019.68
05.676 2223 -017.8 019.78
05.676 2223 -017.8 019.86
05.676 2223 -017.8 019.94
04.491 2318 -017.9 020.02
04.491 2318 -017.9 020.12
04.491 2318 -017.9 020.20
04.491 2318 -017.9 020.29
04.491 2318 -017.9 020.37
04.491 2318 -017.9 020.45
04.491 2318 -017.9 020.54
04.078 2280 -017.8 020.63
04.078 2280 -017.8 020.71
04.078 2280 -017.8 020.80
04.078 2280 -017.8 020.89
04.078 2280 -017.8 020.98
04.078 2280 -017.8 021.06
04.078 2280 -017.8 021.14
03.739 2299 -018.1 021.25
03.739 2299 -018.1 021.33
03.739 2299 -018.1 021.41
03.739 2299 -018.1 021.49
03.739 2299 -018.1 021.58
03.739 2299 -018.1 021.66
03.739 2299 -018.1 021.74
03.781 2261 -017.9 021.83
03.781 2261 -017.9 021.93
03.781 2261 -017.9 022.02
03.781 2261 -017.9 022.12
03.781 2261 -017.9 022.20
03.781 2261 -017.9 022.28
03.781 2261 -017.9 022.38
03.622 2280 -018.0 022.47
03.622 2280 -018.0 022.55
03.622 2280 -018.0 022.65
03.622 2280 -018.0 022.73
03.622 2280 -018.0 022.83
03.622 2280 -018.0 022.91
03.347 2318 -018.0 023.01
03.347 2318 -018.1 023.10
03.347 2318 -018.1 023.18
03.347 2318 -018.1 023.26
03.347 2318 -018.1 023.35
03.347 2318 -018.1 023.44
03.347 2318 -018.1 023.52
03.347 2318 -018.1 023.60
03.036 2280 -018.2 023.68
03.036 2280 -018.2 023.76
