04.692 3135 -030.0 000.03
04.692 3135 -030.0 000.12
04.729 3135 -029.9 000.20
04.729 3135 -029.9 000.29
04.729 3135 -029.9 000.38
04.729 3135 -029.9 000.46
04.729 3135 -029.9 000.56
04.729 3135 -029.9 000.65
04.674 3116 -030.3 000.74
04.674 3116 -030.3 000.82
04.674 3116 -030.3 000.91
04.674 3116 -030.3 000.99
04.674 3116 -030.3 001.08
04.674 3116 -030.3 001.17
04.674 3116 -030.3 001.26
04.693 3135 -030.6 001.34
04.693 3135 -030.6 001.42
04.693 3135 -030.6 001.50
04.693 3135 -030.6 001.60
04.693 3135 -030.6 001.67
04.693 3135 -030.6 001.76
04.693 3135 -030.6 001.84
04.766 3116 -030.6 001.93
04.766 3116 -030.6 002.03
04.766 3116 -030.6 002.11
04.766 3116 -030.6 002.19
04.766 3116 -030.6 002.28
04.766 3116 -030.6 002.37
04.766 3116 -030.6 002.47
04.99 3135 -030.6 002.55
04.99 3135 -030.6 002.63
04.99 3135 -030.6 002.72
04.99 3135 -030.6 002.80
04.99 3135 -030.6 002.88
04.99 3135 -030.6 002.97
04.99 3135 -030.6 003.06
04.572 3135 -030.8 003.15
04.572 3135 -030.8 003.23
04.572 3135 -030.8 003.31
04.572 3135 -030.8 003.39
04.572 3135 -030.8 003.47
04.572 3135 -030.8 003.56
04.572 3135 -030.8 003.66
04.528 3116 -030.8 003.74
04.528 3116 -030.8 003.82
04.528 3116 -030.8 003.90
04.528 3116 -030.8 003.99
04.528 3116 -030.8 004.08
04.528 3116 -030.8 004.16
04.528 3116 -030.8 004.24
04.377 3135 -030.9 004.35
04.377 3135 -030.9 004.44
04.377 3135 -030.9 004.53
04.377 3135 -030.9 004.62
04.377 3135 -030.9 004.71
04.377 3135 -030.9 004.79
04.377 3135 -030.9 004.88
04.494 3135 -030.9 004.96
04.494 3135 -030.9 005.07
04.494 3135 -030.9 005.15
04.494 3135 -030.9 005.23
04.494 3135 -030.9 005.31
04.494 3135 -030.9 005.39
04.494 3135 -030.9 005.47
04.756 3154 -031.2 005.55
04.756 3154 -031.2 005.65
04.756 3154 -031.2 005.74
04.756 3154 -031.2 005.82
04.756 3154 -031.2 005.90
04.756 3154 -031.2 005.99
04.756 3154 -031.2 006.07
04.815 3116 -031.4 006.17
04.815 3116 -031.4 006.25
04.815 3116 -031.4 006.33
04.815 3116 -031.4 006.41
04.815 3116 -031.4 006.50
04.815 3116 -031.4 006.59
04.815 3116 -031.4 006.67
04.776 3135 -031.2 006.75
04.776 3135 -031.2 006.84
04.776 3135 -031.2 006.94
04.776 3135 -031.2 007.03
04.776 3135 -031.2 007.12
04.776 3135 -031.2 007.20
04.776 3135 -031.2 007.28
04.701 3116 -031.6 007.36
04.701 3116 -031.6 007.46
04.701 3116 -031.6 007.56
04.701 3116 -031.6 007.65
04.701 3116 -031.6 007.74
04.701 3116 -031.6 007.82
04.701 3116 -031.6 007.90
04.717 3154 -031.8 007.98
04.717 3154 -031.8 008.07
04.717 3154 -031.8 008.15
04.717 3154 -031.8 008.25
04.717 3154 -031.8 008.33
04.717 3154 -031.8 008.42
04.717 3154 -031.8 008.50
04.523 3116 -032.1 008.58
04.523 3116 -032.1 008.66
04.523 3116 -032.1 008.74
04.523 3116 -032.1 008.82
04.523 3116 -032.1 008.90
04.523 3116 -032.1 008.99
04.523 3116 -032.1 009.07
04.688 3135 -032.1 009.15
04.688 3135 -032.0 009.24
04.688 3135 -032.0 009.34
04.688 3135 -032.0 009.42
04.688 3135 -032.0 009.51
04.688 3135 -032.0 009.59
04.688 3135 -032.0 009.67
05.145 3116 -032.0 009.75
05.145 3116 -032.4 009.84
05.145 3116 -032.4 009.91
05.145 3116 -032.4 010.00
05.145 3116 -032.4 010.09
05.145 3116 -032.4 010.17
05.145 3116 -032.4 010.26
04.687 3116 -032.4 010.35
04.687 3116 -032.3 010.44
04.687 3116 -032.3 010.52
04.687 3116 -032.3 010.60
04.687 3116 -032.3 010.68
04.687 3116 -032.3 010.76
04.687 3116 -032.3 010.85
04.687 3116 -032.3 010.93
04.704 3116 -032.4 011.01
04.704 3116 -032.4 011.10
04.704 3116 -032.4 011.19
04.704 3116 -032.4 011.28
04.704 3116 -032.4 011.37
04.704 3116 -032.4 011.47
04.635 3116 -032.4 011.54
04.635 3154 -032.4 011.62
04.635 3154 -032.4 011.71
04.635 3154 -032.4 011.79
04.635 3154 -032.4 011.87
04.635 3154 -032.4 011.96
04.635 3154 -032.4 012.05
04.635 3154 -032.4 012.13
04.857 3116 -032.5 012.21
04.857 3116 -032.5 012.29
04.857 3116 -032.5 012.39
04.857 3116 -032.5 012.47
04.857 3116 -032.5 012.57
04.857 3116 -032.5 012.65
04.857 3116 -032.5 012.73
04.766 3135 -032.8 012.81
04.766 3135 -032.8 012.89
04.766 3135 -032.8 012.98
04.766 3135 -032.8 013.06
04.766 3135 -032.8 013.14
04.766 3135 -032.8 013.22
04.766 3135 -032.8 013.31
04.965 3116 -032.8 013.39
04.965 3116 -032.8 013.48
04.965 3116 -032.8 013.56
04.965 3116 -032.8 013.64
04.965 3116 -032.8 013.73
04.965 3116 -032.8 013.82
04.965 3116 -032.8 013.91
04.849 3135 -033.0 013.99
04.849 3135 -033.0 014.08
04.849 3135 -033.0 014.16
04.849 3135 -033.0 014.25
04.849 3135 -033.0 014.34
04.849 3135 -033.0 014.43
04.849 3135 -033.0 014.51
04.91 3116 -033.1 014.61
04.91 3116 -033.1 014.69
04.91 3116 -033.1 014.79
04.91 3116 -033.1 014.87
04.91 3116 -033.1 014.95
04.91 3116 -033.1 015.04
04.91 3116 -033.1 015.13
04.81 3116 -033.3 015.22
04.81 3116 -033.3 015.30
04.81 3116 -033.3 015.39
04.81 3116 -033.3 015.47
04.81 3116 -033.3 015.55
04.81 3116 -033.3 015.64
04.81 3116 -033.3 015.72
04.805 3116 -033.2 015.80
04.805 3116 -033.2 015.88
04.805 3116 -033.2 015.96
04.805 3116 -033.2 016.05
04.805 3116 -033.2 016.14
04.805 3116 -033.2 016.22
04.805 3116 -033.2 016.30
04.912 3135 -033.5 016.40
04.912 3135 -033.5 016.48
04.912 3135 -033.5 016.57
04.912 3135 -033.5 016.65
04.912 3135 -033.5 016.74
04.912 3135 -033.5 016.83
04.912 3135 -033.5 016.92
04.894 3116 -033.7 017.01
04.894 3116 -033.7 017.10
04.894 3116 -033.7 017.19
04.894 3116 -033.7 017.27
04.894 3116 -033.7 017.36
04.894 3116 -033.7 017.43
04.894 3116 -033.7 017.51
04.907 3116 -033.8 017.59
04.907 3116 -033.8 017.68
04.907 3116 -033.8 017.77
04.907 3116 -033.8 017.85
04.907 3116 -033.8 017.94
04.907 3116 -033.8 018.03
04.907 3116 -033.8 018.11
04.965 3116 -033.9 018.20
04.965 3116 -033.9 018.28
04.965 3116 -033.9 018.36
04.965 3116 -033.9 018.45
04.965 3116 -033.9 018.54
04.965 3116 -033.9 018.64
04.965 3116 -033.9 018.72
04.939 3116 -033.8 018.80
04.939 3116 -033.8 018.88
04.939 3116 -033.8 018.98
04.939 3116 -033.8 019.07
04.939 3116 -033.8 019.15
04.939 3116 -033.8 019.24
04.939 3116 -033.8 019.32
04.854 3135 -033.9 019.41
04.854 3135 -033.9 019.50
04.854 3135 -033.9 019.58
04.854 3135 -033.9 019.66
04.854 3135 -033.9 019.76
04.854 3135 -033.9 019.86
04.854 3135 -033.9 019.95
04.849 3116 -033.9 020.04
04.849 3116 -033.9 020.13
04.849 3116 -033.9 020.23
04.849 3116 -033.9 020.31
04.849 3116 -033.9 020.39
04.849 3116 -033.9 020.48
04.849 3116 -033.9 020.57
04.947 3135 -034.5 020.65
04.947 3135 -034.5 020.74
04.947 3135 -034.5 020.82
04.947 3135 -034.5 020.90
04.947 3135 -034.5 020.99
04.947 3135 -034.5 021.07
04.947 3135 -034.5 021.15
04.897 3097 -034.5 021.23
04.897 3097 -034.5 021.32
04.897 3097 -034.5 021.40
04.897 3097 -034.5 021.50
04.897 3097 -034.5 021.59
04.897 3097 -034.5 021.66
04.897 3097 -034.5 021.74
04.86 3135 -034.5 021.83
04.86 3135 -034.5 021.91
04.86 3135 -034.5 022.00
04.86 3135 -034.5 022.10
04.86 3135 -034.5 022.18
04.86 3135 -034.5 022.28
04.86 3135 -034.5 022.36
04.986 3116 -034.6 022.45
04.986 3116 -034.6 022.53
04.986 3116 -034.6 022.62
04.986 3116 -034.6 022.70
04.986 3116 -034.6 022.79
04.986 3116 -034.6 022.88
04.986 3116 -034.6 022.96
04.93 3135 -034.7 023.05
04.93 3135 -034.7 023.13
04.93 3135 -034.7 023.21
04.93 3135 -034.7 023.30
04.93 3135 -034.7 023.39
04.93 3135 -034.7 023.47
04.93 3135 -034.7 023.55
04.792 3135 -034.9 023.64
04.792 3135 -034.9 023.72
04.792 3135 -034.9 023.80
04.792 3135 -034.9 023.88
04.792 3135 -034.9 023.97
04.792 3135 -034.9 024.07
04.792 3135 -034.9 024.15
04.704 3116 -035.0 024.24
04.704 3116 -035.0 024.32
04.704 3116 -035.0 024.41
04.704 3116 -035.0 024.49
04.704 3116 -035.0 024.57
04.704 3116 -035.0 024.66
04.704 3116 -035.0 024.74
04.892 3135 -035.3 024.82
04.892 3135 -035.3 024.92
04.892 3135 -035.3 025.00
04.892 3135 -035.3 025.09
04.892 3135 -035.3 025.18
04.892 3135 -035.3 025.26
04.892 3135 -035.3 025.35
04.834 3116 -035.3 025.44
04.834 3116 -035.3 025.52
04.834 3116 -035.3 025.60
04.834 3116 -035.3 025.68
04.834 3116 -035.3 025.77
04.834 3116 -035.3 025.85
04.834 3116 -035.3 025.93
05.019 3135 -035.3 026.01
05.019 3135 -035.3 026.09
05.019 3135 -035.3 026.18
05.019 3135 -035.3 026.26
05.019 3135 -035.3 026.34
05.019 3135 -035.3 026.42
05.019 3135 -035.3 026.51
05.056 3116 -035.3 026.60
05.056 3116 -035.6 026.69
05.056 3116 -035.6 026.77
05.056 3116 -035.6 026.86
05.056 3116 -035.6 026.96
05.056 3116 -035.6 027.04
05.056 3116 -035.6 027.12
04.972 3116 -035.6 027.21
04.972 3116 -035.6 027.29
04.972 3116 -035.6 027.37
04.972 3116 -035.6 027.45
04.972 3116 -035.6 027.54
04.972 3116 -035.6 027.64
04.972 3116 -035.6 027.72
05.037 3116 -035.8 027.81
05.037 3116 -035.8 027.91
05.037 3116 -035.8 028.01
05.037 3116 -035.8 028.10
05.037 3116 -035.8 028.20
05.037 3116 -035.8 028.28
05.037 3116 -035.8 028.36
04.99 3116 -035.9 028.45
04.99 3116 -035.9 028.54
04.99 3116 -035.9 028.63
04.99 3116 -035.9 028.71
04.99 3116 -035.9 028.79
04.99 3116 -035.9 028.87
04.99 3116 -035.9 028.97
05.097 3116 -035.8 029.06
05.097 3116 -035.8 029.14
05.097 3116 -035.8 029.24
05.097 3116 -035.8 029.32
05.097 3116 -035.8 029.40
05.097 3116 -035.8 029.49
05.097 3116 -035.8 029.58
05.608 3116 -035.9 029.67
05.608 3116 -035.9 029.75
05.608 3116 -035.9 029.85
05.608 3116 -035.9 029.93
05.608 3116 -035.9 030.01
05.608 3116 -035.9 030.09
05.608 3116 -035.9 030.18
05.704 3097 -035.9 030.26
05.704 3097 -035.9 030.34
05.704 3097 -035.9 030.44
05.704 3097 -035.9 030.52
05.704 3097 -035.9 030.61
05.704 3097 -035.9 030.69
05.704 3097 -035.9 030.77
05.549 3097 -036.2 030.85
05.549 3097 -036.2 030.94
05.549 3097 -036.2 031.03
05.549 3097 -036.2 031.13
05.549 3097 -036.2 031.22
05.549 3097 -036.2 031.30
05.549 3097 -036.2 031.38
06.093 3097 -036.3 031.47
06.093 3097 -036.3 031.57
06.093 3097 -036.3 031.65
06.093 3097 -036.3 031.75
06.093 3097 -036.3 031.84
06.093 3097 -036.3 031.94
06.627 3097 -036.3 032.02
06.627 3078 -036.4 032.11
06.627 3078 -036.4 032.22
06.627 3078 -036.4 032.30
06.627 3078 -036.4 032.38
06.627 3078 -036.4 032.46
06.627 3078 -036.4 032.54
06.977 3059 -036.5 032.63
06.977 3059 -036.5 032.72
06.977 3059 -036.5 032.80
06.977 3059 -036.5 032.88
06.977 3059 -036.5 032.97
06.977 3059 -036.5 033.06
06.977 3059 -036.5 033.14
07.07 3078 -036.5 033.22
07.07 3078 -036.6 033.31
07.07 3078 -036.6 033.39
07.07 3078 -036.6 033.48
07.07 3078 -036.6 033.57
07.07 3078 -036.6 033.66
07.07 3078 -036.6 033.74
06.974 3078 -036.6 033.82
06.974 3078 -036.7 033.90
06.974 3078 -036.7 033.99
06.974 3078 -036.7 034.08
06.974 3078 -036.7 034.17
06.974 3078 -036.7 034.26
06.974 3078 -036.7 034.34
06.958 3059 -036.7 034.42
06.958 3059 -036.8 034.51
06.958 3059 -036.8 034.60
06.958 3059 -036.8 034.68
06.958 3059 -036.8 034.77
06.958 3059 -036.8 034.86
06.958 3059 -036.8 034.94
06.958 3059 -036.8 035.02
07.23 3078 -037.2 035.10
07.23 3078 -037.2 035.18
07.23 3078 -037.2 035.26
07.23 3078 -037.2 035.36
07.23 3078 -037.2 035.45
07.23 3078 -037.2 035.53
07.23 3078 -037.2 035.62
07.222 3078 -037.1 035.70
07.222 3078 -037.1 035.79
07.222 3078 -037.1 035.88
07.222 3078 -037.1 035.96
07.222 3078 -037.1 036.04
07.222 3078 -037.1 036.12
07.222 3078 -037.1 036.21
07.188 3116 -037.2 036.30
07.188 3116 -037.2 036.38
07.188 3116 -037.2 036.46
07.188 3116 -037.2 036.54
07.188 3116 -037.2 036.62
07.188 3116 -037.2 036.70
07.188 3116 -037.2 036.80
07.018 3078 -037.6 036.88
07.018 3078 -037.6 036.98
07.018 3078 -037.6 037.07
07.018 3078 -037.6 037.15
07.018 3078 -037.6 037.23
07.018 3078 -037.6 037.31
07.018 3078 -037.6 037.40
07.303 3078 -037.4 037.48
07.303 3078 -037.4 037.56
07.303 3078 -037.4 037.65
07.303 3078 -037.4 037.74
07.303 3078 -037.4 037.83
07.303 3078 -037.4 037.92
07.303 3078 -037.4 038.00
07.838 3078 -037.7 038.08
07.838 3078 -037.7 038.17
07.838 3078 -037.7 038.25
07.838 3078 -037.7 038.35
07.838 3078 -037.7 038.43
07.838 3078 -037.7 038.51
07.838 3078 -037.7 038.59
07.659 3097 -037.8 038.67
07.659 3097 -037.8 038.75
07.659 3097 -037.8 038.84
07.659 3097 -037.8 038.92
07.659 3097 -037.8 039.00
07.659 3097 -037.8 039.09
07.659 3097 -037.8 039.17
07.815 3078 -037.9 039.26
07.815 3078 -037.9 039.36
07.815 3078 -037.9 039.44
07.815 3078 -037.9 039.52
07.815 3078 -037.9 039.62
07.815 3078 -037.9 039.71
07.815 3078 -037.9 039.79
07.815 3078 -038.1 039.88
07.815 3078 -038.1 039.96
07.815 3078 -038.1 040.04
07.815 3078 -038.1 040.13
07.815 3078 -038.1 040.21
07.815 3078 -038.1 040.29
07.815 3078 -038.1 040.38
07.799 3078 -038.1 040.46
07.799 3078 -038.1 040.54
07.799 3078 -038.1 040.64
07.799 3078 -038.1 040.72
07.799 3078 -038.1 040.80
07.799 3078 -038.1 040.88
07.799 3078 -038.1 040.96
09.027 3078 -038.1 041.04
09.027 3059 -037.9 041.14
09.027 3059 -037.9 041.22
09.027 3059 -037.9 041.31
09.027 3059 -037.9 041.40
09.027 3059 -037.9 041.49
09.027 3059 -037.9 041.57
11.878 3002 -037.9 041.66
11.878 3002 -038.5 041.74
11.878 3002 -038.5 041.83
11.878 3002 -038.5 041.93
11.878 3002 -038.5 042.01
11.878 3002 -038.5 042.10
11.878 3002 -038.5 042.18
12.38 2964 -038.8 042.26
12.38 2964 -038.8 042.34
12.38 2964 -038.8 042.43
12.38 2964 -038.8 042.53
12.38 2964 -038.8 042.62
12.38 2964 -038.8 042.70
12.38 2964 -038.8 042.78
13.655 2964 -038.8 042.86
13.655 2926 -038.8 042.94
13.655 2926 -038.8 043.03
13.655 2926 -038.8 043.10
13.655 2926 -038.8 043.20
13.655 2926 -038.8 043.28
13.655 2926 -038.8 043.37
14.692 2812 -039.0 043.47
14.692 2812 -039.0 043.55
14.692 2812 -039.0 043.64
14.692 2812 -039.0 043.72
14.692 2812 -039.0 043.81
14.692 2812 -039.0 043.91
14.692 2812 -039.0 044.00
15.912 2641 -039.2 044.08
15.912 2641 -039.2 044.16
15.912 2641 -039.2 044.24
15.912 2641 -039.2 044.33
15.912 2641 -039.2 044.41
15.912 2641 -039.2 044.51
15.912 2641 -039.2 044.61
15.755 2508 -039.4 044.69
15.755 2508 -039.4 044.77
15.755 2508 -039.4 044.85
15.755 2508 -039.4 044.95
15.755 2508 -039.4 045.03
15.755 2508 -039.4 045.12
15.755 2508 -039.4 045.20
13.326 2394 -039.9 045.28
13.326 2394 -039.9 045.37
13.326 2394 -039.9 045.45
13.326 2394 -039.9 045.53
13.326 2394 -039.9 045.61
13.326 2394 -039.9 045.70
13.326 2394 -039.9 045.78
09.088 2470 -039.9 045.87
09.088 2470 -040.0 045.96
09.088 2470 -040.0 046.04
09.088 2470 -040.0 046.13
09.088 2470 -040.0 046.21
09.088 2470 -040.0 046.31
09.088 2470 -040.0 046.40
08.868 2831 -040.0 046.48
08.868 2831 -040.2 046.56
08.868 2831 -040.2 046.65
08.868 2831 -040.2 046.73
08.868 2831 -040.2 046.81
08.868 2831 -040.2 046.90
08.868 2831 -040.2 046.98
08.868 2831 -040.2 047.07
07.807 3097 -040.5 047.15
07.807 3097 -040.5 047.23
07.807 3097 -040.5 047.31
07.807 3097 -040.5 047.39
07.807 3097 -040.5 047.48
07.807 3097 -040.5 047.56
07.807 3097 -040.5 047.65
07.583 3097 -040.4 047.74
07.583 3097 -040.4 047.83
07.583 3097 -040.4 047.91
07.583 3097 -040.4 047.99
07.583 3097 -040.4 048.08
07.583 3097 -040.4 048.16
07.583 3097 -040.4 048.24
09.406 3078 -040.6 048.33
09.406 3078 -040.6 048.42
09.406 3078 -040.6 048.50
09.406 3078 -040.6 048.58
09.406 3078 -040.6 048.67
09.406 3078 -040.6 048.75
09.406 3078 -040.6 048.83
10.256 3040 -040.8 048.92
10.256 3040 -040.8 049.00
10.256 3040 -040.8 049.08
10.256 3040 -040.8 049.16
10.256 3040 -040.8 049.24
10.256 3040 -040.8 049.32
10.256 3040 -040.8 049.41
10.768 3040 -040.7 049.49
10.768 3040 -040.7 049.57
10.768 3040 -040.7 049.66
10.768 3040 -040.7 049.74
10.768 3040 -040.7 049.82
10.768 3040 -040.7 049.90
10.768 3040 -040.7 050.00
11.065 3040 -041.2 050.08
11.065 3040 -041.2 050.18
11.065 3040 -041.2 050.26
11.065 3040 -041.2 050.35
11.065 3040 -041.2 050.43
11.065 3040 -041.2 050.51
11.065 3040 -041.2 050.59
11.384 3002 -041.2 050.67
11.384 3002 -041.3 050.75
11.384 3002 -041.3 050.83
11.384 3002 -041.3 050.92
11.384 3002 -041.3 051.01
11.384 3002 -041.3 051.10
11.384 3002 -041.3 051.18
11.384 3002 -041.3 051.26
11.082 3002 -041.5 051.36
11.082 3002 -041.5 051.45
11.082 3002 -041.5 051.53
11.082 3002 -041.5 051.62
11.082 3002 -041.5 051.70
11.082 3002 -041.5 051.79
11.343 3002 -041.6 051.89
11.343 3002 -041.6 051.97
11.343 3002 -041.6 052.06
11.343 3002 -041.6 052.14
11.343 3002 -041.6 052.23
11.343 3002 -041.6 052.32
11.343 3002 -041.6 052.40
11.57 3002 -041.6 052.48
11.57 3002 -042.0 052.58
11.57 3002 -042.0 052.67
11.57 3002 -042.0 052.76
11.57 3002 -042.0 052.84
11.57 3002 -042.0 052.92
11.57 3002 -042.0 053.01
11.444 3002 -042.0 053.09
11.444 3002 -042.3 053.17
11.444 3002 -042.3 053.25
11.444 3002 -042.3 053.33
11.444 3002 -042.3 053.43
11.444 3002 -042.3 053.51
11.444 3002 -042.3 053.59
11.658 3002 -042.3 053.67
11.658 2983 -042.6 053.76
11.658 2983 -042.6 053.84
11.658 2983 -042.6 053.92
11.658 2983 -042.6 054.01
11.658 2983 -042.6 054.09
11.658 2983 -042.6 054.17
11.658 2983 -042.6 054.25
12.443 2964 -042.9 054.34
12.443 2964 -042.9 054.42
12.443 2964 -042.9 054.50
12.443 2964 -042.9 054.58
12.443 2964 -042.9 054.66
12.443 2964 -042.9 054.76
12.443 2964 -042.9 054.84
12.634 2907 -042.9 054.92
12.634 2907 -042.9 055.01
12.634 2907 -042.9 055.11
12.634 2907 -042.9 055.19
12.634 2907 -042.9 055.27
12.634 2907 -042.9 055.37
12.634 2907 -042.9 055.46
13.563 2831 -043.4 055.54
13.563 2831 -043.4 055.63
13.563 2831 -043.4 055.72
13.563 2831 -043.4 055.82
13.563 2831 -043.4 055.90
13.563 2831 -043.4 055.99
13.563 2831 -043.4 056.07
12.356 2831 -043.4 056.16
12.356 2831 -043.4 056.24
12.356 2831 -043.4 056.32
12.356 2831 -043.4 056.40
12.356 2831 -043.4 056.49
12.356 2831 -043.4 056.58
12.356 2831 -043.4 056.66
12.377 2831 -043.5 056.75
12.377 2831 -043.5 056.83
12.377 2831 -043.5 056.93
12.377 2831 -043.5 057.01
12.377 2831 -043.5 057.10
12.377 2831 -043.5 057.18
12.377 2831 -043.5 057.28
13.167 2812 -043.8 057.37
13.167 2812 -043.8 057.45
13.167 2812 -043.8 057.53
13.167 2812 -043.8 057.61
13.167 2812 -043.8 057.70
13.167 2812 -043.8 057.79
13.167 2812 -043.8 057.87
12.364 2831 -043.7 057.95
12.364 2831 -043.7 058.04
12.364 2831 -043.7 058.12
12.364 2831 -043.7 058.20
12.364 2831 -043.7 058.28
12.364 2831 -043.7 058.36
12.364 2831 -043.7 058.46
12.244 2831 -044.1 058.54
12.244 2831 -044.1 058.65
12.244 2831 -044.1 058.73
12.244 2831 -044.1 058.82
12.244 2831 -044.1 058.90
12.244 2831 -044.1 058.99
12.244 2831 -044.1 059.07
13.462 2793 -044.2 059.16
13.462 2793 -044.2 059.24
13.462 2793 -044.2 059.33
13.462 2793 -044.2 059.41
13.462 2793 -044.2 059.49
13.462 2793 -044.2 059.57
13.462 2793 -044.2 059.66
14.65 2736 -044.6 059.74
14.65 2736 -044.6 059.84
14.65 2736 -044.6 059.92
14.65 2736 -044.6 060.01
14.65 2736 -044.6 060.09
14.65 2736 -044.6 060.17
14.65 2736 -044.6 060.25
14.653 2660 -044.5 060.34
14.653 2660 -044.5 060.42
14.653 2660 -044.5 060.51
14.653 2660 -044.5 060.61
14.653 2660 -044.5 060.69
14.653 2660 -044.5 060.77
14.653 2660 -044.5 060.85
15.986 2489 -044.7 060.95
15.986 2489 -044.7 061.03
15.986 2489 -044.7 061.14
15.986 2489 -044.7 061.23
15.986 2489 -044.7 061.33
15.986 2489 -044.7 061.42
17.18 2489 -044.7 061.50
17.18 2147 -044.8 061.58
17.18 2147 -044.8 061.67
17.18 2147 -044.8 061.76
17.18 2147 -044.8 061.84
17.18 2147 -044.8 061.92
17.18 2147 -044.8 062.01
17.18 2147 -044.8 062.09
13.29 1786 -045.3 062.17
13.29 1786 -045.3 062.26
13.29 1786 -045.3 062.36
13.29 1786 -045.3 062.44
13.29 1786 -045.3 062.53
13.29 1786 -045.3 062.62
13.29 1786 -045.3 062.70
09.725 1615 -045.6 062.79
09.725 1615 -045.6 062.87
09.725 1615 -045.6 062.95
09.725 1615 -045.6 063.03
09.725 1615 -045.6 063.13
09.725 1615 -045.6 063.21
07.373 1615 -045.6 063.31
07.373 1786 -045.9 063.39
07.373 1786 -045.9 063.47
07.373 1786 -045.9 063.57
07.373 1786 -045.9 063.65
07.373 1786 -045.9 063.73
07.373 1786 -045.9 063.82
07.373 1786 -045.9 063.90
06.6 2014 -046.4 063.98
06.6 2014 -046.4 064.07
06.6 2014 -046.4 064.15
06.6 2014 -046.4 064.24
06.6 2014 -046.4 064.33
06.6 2014 -046.4 064.42
04.695 2014 -046.4 064.51
04.695 2508 -046.5 064.59
04.695 2508 -046.5 064.68
04.695 2508 -046.5 064.76
04.695 2508 -046.5 064.84
04.695 2508 -046.5 064.94
04.695 2508 -046.5 065.02
05.516 3021 -046.5 065.12
05.516 3021 -046.7 065.21
05.516 3021 -046.7 065.31
05.516 3021 -046.7 065.39
05.516 3021 -046.7 065.47
05.516 3021 -046.7 065.56
05.516 3021 -046.7 065.64
05.263 3116 -046.7 065.74
05.263 3116 -046.7 065.82
05.263 3116 -046.7 065.92
05.263 3116 -046.7 066.00
05.263 3116 -046.7 066.08
05.263 3116 -046.7 066.18
05.263 3116 -046.7 066.26
05.084 3097 -047.0 066.34
05.084 3097 -047.0 066.42
05.084 3097 -047.0 066.50
05.084 3097 -047.0 066.58
05.084 3097 -047.0 066.66
05.084 3097 -047.0 066.75
05.084 3097 -047.0 066.85
05.374 3097 -047.0 066.93
05.374 3097 -047.1 067.02
05.374 3097 -047.1 067.10
05.374 3097 -047.1 067.18
05.374 3097 -047.1 067.28
05.374 3097 -047.1 067.37
05.374 3097 -047.1 067.47
05.388 3116 -047.1 067.55
05.388 3116 -047.1 067.63
05.388 3116 -047.1 067.72
05.388 3116 -047.1 067.81
05.388 3116 -047.1 067.89
05.388 3116 -047.1 067.97
05.388 3116 -047.1 068.06
05.97 3116 -047.3 068.16
05.97 3116 -047.3 068.24
05.97 3116 -047.3 068.32
05.97 3116 -047.3 068.40
05.97 3116 -047.3 068.49
05.97 3116 -047.3 068.59
05.97 3116 -047.3 068.68
06.266 3097 -047.0 068.78
06.266 3097 -047.0 068.87
06.266 3097 -047.0 068.96
06.266 3097 -047.0 069.04
06.266 3097 -047.0 069.12
06.266 3097 -047.0 069.22
06.266 3097 -047.0 069.31
06.522 3097 -047.4 069.39
06.522 3097 -047.4 069.47
06.522 3097 -047.4 069.55
06.522 3097 -047.4 069.66
06.522 3097 -047.4 069.75
06.522 3097 -047.4 069.83
06.522 3097 -047.4 069.92
06.64 3097 -047.5 070.01
06.64 3097 -047.5 070.10
06.64 3097 -047.5 070.18
06.64 3097 -047.5 070.26
06.64 3097 -047.5 070.35
06.64 3097 -047.5 070.44
06.64 3097 -047.5 070.53
07.541 3078 -047.8 070.61
07.541 3078 -047.8 070.70
07.541 3078 -047.8 070.78
07.541 3078 -047.8 070.86
07.541 3078 -047.8 070.94
07.541 3078 -047.8 071.02
07.541 3078 -047.8 071.10
07.979 3040 -047.7 071.18
07.979 3040 -047.7 071.28
07.979 3040 -047.7 071.37
07.979 3040 -047.7 071.47
07.979 3040 -047.7 071.55
07.979 3040 -047.7 071.64
08.696 3040 -047.7 071.73
08.696 3078 -047.8 071.81
08.696 3078 -047.8 071.89
08.696 3078 -047.8 071.99
08.696 3078 -047.8 072.08
08.696 3078 -047.8 072.16
08.696 3078 -047.8 072.26
08.98 3040 -047.8 072.35
08.98 3040 -047.9 072.43
08.98 3040 -047.9 072.51
08.98 3040 -047.9 072.60
08.98 3040 -047.9 072.68
08.98 3040 -047.9 072.76
08.98 3040 -047.9 072.85
08.633 3040 -047.9 072.94
08.633 3040 -048.2 073.04
08.633 3040 -048.2 073.13
08.633 3040 -048.2 073.21
08.633 3040 -048.2 073.31
08.633 3040 -048.2 073.39
08.633 3040 -048.2 073.49
09.078 3040 -048.4 073.57
09.078 3040 -048.4 073.66
09.078 3040 -048.4 073.75
09.078 3040 -048.4 073.85
09.078 3040 -048.4 073.93
09.078 3040 -048.4 074.01
09.078 3040 -048.4 074.09
09.438 3040 -048.6 074.17
09.438 3040 -048.6 074.26
09.438 3040 -048.6 074.35
09.438 3040 -048.6 074.43
09.438 3040 -048.6 074.51
09.438 3040 -048.6 074.59
09.438 3040 -048.6 074.67
09.738 3021 -048.9 074.76
09.738 3021 -048.9 074.84
09.738 3021 -048.9 074.93
09.738 3021 -048.9 075.01
09.738 3021 -048.9 075.11
09.738 3021 -048.9 075.19
09.738 3021 -048.9 075.28
09.807 3021 -048.9 075.36
09.807 3021 -048.9 075.44
09.807 3021 -048.9 075.52
09.807 3021 -048.9 075.61
09.807 3021 -048.9 075.68
09.807 3021 -048.9 075.77
09.807 3021 -048.9 075.87
10.527 3021 -048.9 075.96
10.527 3002 -049.0 076.04
10.527 3002 -049.0 076.13
10.527 3002 -049.0 076.21
10.527 3002 -049.0 076.29
10.527 3002 -049.0 076.38
10.527 3002 -049.0 076.47
11.442 3021 -049.0 076.56
11.442 3021 -049.0 076.65
11.442 3021 -049.0 076.73
11.442 3021 -049.0 076.81
11.442 3021 -049.0 076.91
11.442 3021 -049.0 077.00
11.442 3021 -049.0 077.08
11.682 2945 -049.0 077.17
11.682 2945 -049.2 077.25
11.682 2945 -049.2 077.33
11.682 2945 -049.2 077.41
11.682 2945 -049.2 077.49
11.682 2945 -049.2 077.57
11.682 2945 -049.2 077.66
11.682 2945 -049.2 077.75
11.724 2869 -049.5 077.83
11.724 2869 -049.5 077.91
11.724 2869 -049.5 078.00
11.724 2869 -049.5 078.08
11.724 2869 -049.5 078.16
11.724 2869 -049.5 078.24
11.724 2869 -049.5 078.33
09.707 2907 -049.6 078.42
09.707 2907 -049.6 078.50
09.707 2907 -049.6 078.58
09.707 2907 -049.6 078.67
09.707 2907 -049.6 078.77
09.707 2907 -049.6 078.85
09.61 2907 -049.6 078.95
09.61 2983 -050.1 079.04
09.61 2983 -050.1 079.12
09.61 2983 -050.1 079.20
09.61 2983 -050.1 079.30
09.61 2983 -050.1 079.38
09.61 2983 -050.1 079.46
09.61 2983 -050.1 079.54
11.489 2964 -050.2 079.62
11.489 2964 -050.2 079.71
11.489 2964 -050.2 079.79
11.489 2964 -050.2 079.87
11.489 2964 -050.2 079.96
11.489 2964 -050.2 080.04
11.489 2964 -050.2 080.13
12.327 2907 -050.3 080.22
12.327 2907 -050.3 080.31
12.327 2907 -050.3 080.39
12.327 2907 -050.3 080.49
12.327 2907 -050.3 080.57
12.327 2907 -050.3 080.66
12.327 2907 -050.3 080.74
11.486 2831 -050.4 080.82
11.486 2831 -050.4 080.90
11.486 2831 -050.4 080.99
11.486 2831 -050.4 081.07
11.486 2831 -050.4 081.15
11.486 2831 -050.4 081.23
11.486 2831 -050.4 081.31
11.026 2850 -050.5 081.40
11.026 2850 -050.5 081.50
11.026 2850 -050.5 081.58
11.026 2850 -050.5 081.66
11.026 2850 -050.5 081.74
11.026 2850 -050.5 081.83
11.026 2850 -050.5 081.91
10.971 2888 -050.9 081.99
10.971 2888 -050.9 082.07
10.971 2888 -050.9 082.16
10.971 2888 -050.9 082.26
10.971 2888 -050.9 082.34
10.971 2888 -050.9 082.42
10.971 2888 -050.9 082.51
10.465 2907 -051.1 082.59
10.465 2907 -051.1 082.67
10.465 2907 -051.1 082.75
10.465 2907 -051.1 082.85
10.465 2907 -051.1 082.94
10.465 2907 -051.1 083.02
10.465 2907 -051.1 083.10
09.939 2907 -051.1 083.18
09.939 2983 -051.4 083.26
09.939 2983 -051.4 083.35
09.939 2983 -051.4 083.44
09.939 2983 -051.4 083.52
09.939 2983 -051.4 083.61
09.939 2983 -051.4 083.70
10.068 2983 -051.4 083.78
10.068 2983 -051.6 083.86
10.068 2983 -051.6 083.94
10.068 2983 -051.6 084.03
10.068 2983 -051.6 084.12
10.068 2983 -051.6 084.21
10.068 2983 -051.6 084.29
10.7 2983 -051.6 084.37
10.7 3002 -051.7 084.46
10.7 3002 -051.7 084.55
10.7 3002 -051.7 084.63
10.7 3002 -051.7 084.72
10.7 3002 -051.7 084.80
10.7 3002 -051.7 084.88
10.7 3002 -051.7 084.96
10.337 2945 -051.7 085.04
10.337 2945 -051.7 085.12
10.337 2945 -051.7 085.21
10.337 2945 -051.7 085.28
10.337 2945 -051.7 085.36
10.337 2945 -051.7 085.47
10.337 2945 -051.7 085.55
11.675 2945 -052.1 085.64
11.675 2945 -052.1 085.72
11.675 2945 -052.1 085.80
11.675 2945 -052.1 085.89
11.675 2945 -052.1 085.98
11.675 2945 -052.1 086.06
11.675 2945 -052.1 086.14
11.427 2888 -052.2 086.22
11.427 2888 -052.2 086.30
11.427 2888 -052.2 086.38
11.427 2888 -052.2 086.48
11.427 2888 -052.2 086.56
11.427 2888 -052.2 086.65
11.427 2888 -052.2 086.73
12.012 2831 -052.5 086.82
12.012 2831 -052.5 086.90
12.012 2831 -052.5 086.99
12.012 2831 -052.5 087.07
12.012 2831 -052.5 087.15
12.012 2831 -052.5 087.25
12.012 2831 -052.5 087.35
09.825 2869 -052.5 087.43
09.825 2869 -052.5 087.51
09.825 2869 -052.5 087.59
09.825 2869 -052.5 087.68
09.825 2869 -052.5 087.76
09.825 2869 -052.5 087.86
09.825 2869 -052.5 087.94
09.764 2964 -052.7 088.02
09.764 2964 -052.7 088.11
09.764 2964 -052.7 088.20
09.764 2964 -052.7 088.29
09.764 2964 -052.7 088.37
09.764 2964 -052.7 088.45
09.764 2964 -052.7 088.55
09.419 2983 -053.0 088.64
09.419 2983 -053.0 088.72
09.419 2983 -053.0 088.82
09.419 2983 -053.0 088.90
09.419 2983 -053.0 088.98
09.419 2983 -053.0 089.07
09.419 2983 -053.0 089.15
10.438 2983 -053.4 089.23
10.438 2983 -053.4 089.32
10.438 2983 -053.4 089.40
10.438 2983 -053.4 089.48
10.438 2983 -053.4 089.57
10.438 2983 -053.4 089.65
10.438 2983 -053.4 089.75
10.174 2964 -053.3 089.84
10.174 2964 -053.3 089.92
10.174 2964 -053.3 090.00
10.174 2964 -053.3 090.08
10.174 2964 -053.3 090.17
10.174 2964 -053.3 090.25
10.174 2964 -053.3 090.35
10.797 2945 -053.5 090.43
10.797 2945 -053.5 090.54
10.797 2945 -053.5 090.61
10.797 2945 -053.5 090.70
10.797 2945 -053.5 090.79
10.797 2945 -053.5 090.86
10.797 2945 -053.5 090.94
10.882 2907 -053.9 091.02
10.882 2907 -053.9 091.11
10.882 2907 -053.9 091.19
10.882 2907 -053.9 091.27
10.882 2907 -053.9 091.35
10.882 2907 -053.9 091.43
10.882 2907 -053.9 091.53
12.097 2888 -054.1 091.63
12.097 2888 -054.1 091.71
12.097 2888 -054.1 091.80
12.097 2888 -054.1 091.89
12.097 2888 -054.1 091.97
12.097 2888 -054.1 092.07
12.097 2888 -054.1 092.15
11.58 2888 -054.2 092.23
11.58 2888 -054.2 092.31
11.58 2888 -054.2 092.39
11.58 2888 -054.2 092.47
11.58 2888 -054.2 092.55
11.58 2888 -054.2 092.65
11.58 2888 -054.2 092.73
11.748 2888 -054.2 092.81
11.748 2888 -054.5 092.91
11.748 2888 -054.5 093.00
11.748 2888 -054.5 093.10
11.748 2888 -054.5 093.18
11.748 2888 -054.5 093.26
11.748 2888 -054.5 093.34
12.003 2831 -054.5 093.43
12.003 2831 -054.3 093.51
12.003 2831 -054.3 093.59
12.003 2831 -054.3 093.67
12.003 2831 -054.3 093.75
12.003 2831 -054.3 093.84
12.003 2831 -054.3 093.93
12.003 2831 -054.3 094.01
11.753 2831 -054.8 094.10
11.753 2831 -054.8 094.18
11.753 2831 -054.8 094.28
11.753 2831 -054.8 094.37
11.753 2831 -054.8 094.46
11.753 2831 -054.8 094.54
11.787 2831 -055.1 094.63
11.787 2831 -055.1 094.71
11.787 2831 -055.1 094.79
11.787 2831 -055.1 094.88
11.787 2831 -055.1 094.96
11.787 2831 -055.1 095.06
11.787 2831 -055.1 095.14
11.826 2850 -055.1 095.23
11.826 2850 -055.1 095.33
11.826 2850 -055.1 095.42
11.826 2850 -055.1 095.52
11.826 2850 -055.1 095.61
11.826 2850 -055.1 095.69
11.826 2850 -055.1 095.79
11.99 2793 -055.4 095.87
11.99 2793 -055.4 095.95
11.99 2793 -055.4 096.05
11.99 2793 -055.4 096.14
11.99 2793 -055.4 096.22
11.99 2793 -055.4 096.30
11.99 2793 -055.4 096.39
11.551 2812 -055.7 096.47
11.551 2812 -055.7 096.56
11.551 2812 -055.7 096.65
11.551 2812 -055.7 096.73
11.551 2812 -055.7 096.82
11.551 2812 -055.7 096.89
11.551 2812 -055.7 096.97
11.669 2831 -055.9 097.06
11.669 2831 -055.9 097.14
11.669 2831 -055.9 097.22
11.669 2831 -055.9 097.30
11.669 2831 -055.9 097.39
11.669 2831 -055.9 097.48
11.669 2831 -055.9 097.56
12.064 2793 -055.9 097.64
12.064 2793 -055.8 097.72
12.064 2793 -055.8 097.81
12.064 2793 -055.8 097.90
12.064 2793 -055.8 097.98
12.064 2793 -055.8 098.07
12.064 2793 -055.8 098.17
12.176 2774 -056.2 098.25
12.176 2774 -056.2 098.33
12.176 2774 -056.2 098.41
12.176 2774 -056.2 098.51
12.176 2774 -056.2 098.60
12.176 2774 -056.2 098.68
12.176 2774 -056.2 098.76
12.246 2755 -056.4 098.84
12.246 2755 -056.4 098.93
12.246 2755 -056.4 099.01
12.246 2755 -056.4 099.09
12.246 2755 -056.4 099.17
12.246 2755 -056.4 099.25
12.246 2755 -056.4 099.35
12.191 2755 -056.4 099.43
12.191 2755 -056.7 099.52
12.191 2755 -056.7 099.60
12.191 2755 -056.7 099.68
12.191 2755 -056.7 099.76
12.191 2755 -056.7 099.85
12.191 2755 -056.7 099.94
12.191 2755 -056.7 100.01
12.484 2717 -056.7 100.10
12.484 2717 -056.7 100.18
12.484 2717 -056.7 100.26
12.484 2717 -056.7 100.35
12.484 2717 -056.7 100.43
12.484 2717 -056.7 100.51
12.484 2717 -056.7 100.60
12.751 2717 -057.0 100.68
12.751 2717 -057.0 100.76
12.751 2717 -057.0 100.86
12.751 2717 -057.0 100.94
12.751 2717 -057.0 101.02
12.751 2717 -057.0 101.12
12.751 2717 -057.0 101.21
12.809 2660 -057.1 101.29
12.809 2660 -057.1 101.38
12.809 2660 -057.1 101.46
12.809 2660 -057.1 101.55
12.809 2660 -057.1 101.64
12.809 2660 -057.1 101.73
12.809 2660 -057.1 101.82
13.124 2660 -057.4 101.91
13.124 2660 -057.4 101.99
13.124 2660 -057.4 102.07
13.124 2660 -057.4 102.16
13.124 2660 -057.4 102.24
13.124 2660 -057.4 102.32
13.124 2660 -057.4 102.41
13.474 2565 -057.4 102.49
13.474 2565 -057.4 102.60
13.474 2565 -057.4 102.68
13.474 2565 -057.4 102.76
13.474 2565 -057.4 102.84
13.474 2565 -057.4 102.92
13.474 2565 -057.4 103.01
11.026 2603 -057.7 103.09
11.026 2603 -057.7 103.18
11.026 2603 -057.7 103.27
11.026 2603 -057.7 103.38
11.026 2603 -057.7 103.46
11.026 2603 -057.7 103.54
11.026 2603 -057.7 103.63
10.663 2774 -058.0 103.71
10.663 2774 -058.0 103.80
10.663 2774 -058.0 103.88
10.663 2774 -058.0 103.97
10.663 2774 -058.0 104.07
10.663 2774 -058.0 104.15
10.663 2774 -058.0 104.23
11.888 2774 -058.2 104.31
11.888 2774 -058.2 104.39
11.888 2774 -058.2 104.48
11.888 2774 -058.2 104.57
11.888 2774 -058.2 104.66
11.888 2774 -058.2 104.74
11.888 2774 -058.2 104.82
11.714 2755 -058.3 104.90
11.714 2755 -058.3 104.98
11.714 2755 -058.3 105.07
11.714 2755 -058.3 105.15
11.714 2755 -058.3 105.24
11.714 2755 -058.3 105.32
11.714 2755 -058.3 105.41
11.739 2755 -058.5 105.49
11.739 2755 -058.5 105.57
11.739 2755 -058.5 105.66
11.739 2755 -058.5 105.75
11.739 2755 -058.5 105.83
11.739 2755 -058.5 105.92
11.739 2755 -058.5 106.00
12.195 2755 -058.4 106.08
12.195 2755 -058.4 106.16
12.195 2755 -058.4 106.26
12.195 2755 -058.4 106.34
12.195 2755 -058.4 106.42
12.195 2755 -058.4 106.50
12.195 2755 -058.4 106.58
12.02 2755 -058.9 106.67
12.02 2755 -058.9 106.75
12.02 2755 -058.9 106.83
12.02 2755 -058.9 106.91
12.02 2755 -058.9 106.99
12.02 2755 -058.9 107.09
12.02 2755 -058.9 107.17
12.186 2736 -058.9 107.25
12.186 2736 -059.1 107.35
12.186 2736 -059.1 107.43
12.186 2736 -059.1 107.51
12.186 2736 -059.1 107.61
12.186 2736 -059.1 107.69
12.186 2736 -059.1 107.77
11.11 2736 -059.1 107.85
11.11 2755 -059.1 107.95
11.11 2755 -059.1 108.04
11.11 2755 -059.1 108.13
11.11 2755 -059.1 108.22
11.11 2755 -059.1 108.32
11.11 2755 -059.1 108.40
10.593 2812 -059.4 108.49
10.593 2812 -059.4 108.58
10.593 2812 -059.4 108.66
10.593 2812 -059.4 108.75
10.593 2812 -059.4 108.83
10.593 2812 -059.4 108.92
10.593 2812 -059.4 109.00
10.321 2907 -059.9 109.10
10.321 2907 -059.9 109.18
10.321 2907 -059.9 109.26
10.321 2907 -059.9 109.35
10.321 2907 -059.9 109.44
10.321 2907 -059.9 109.52
10.321 2907 -059.9 109.62
10.196 2926 -060.0 109.70
10.196 2926 -060.0 109.78
10.196 2926 -060.0 109.87
10.196 2926 -060.0 109.95
10.196 2926 -060.0 110.04
10.196 2926 -060.0 110.13
10.196 2926 -060.0 110.24
09.867 2964 -060.4 110.32
09.867 2964 -060.4 110.43
09.867 2964 -060.4 110.51
09.867 2964 -060.4 110.60
09.867 2964 -060.4 110.68
09.867 2964 -060.4 110.76
09.607 2964 -060.4 110.85
09.607 2983 -060.5 110.94
09.607 2983 -060.5 111.04
09.607 2983 -060.5 111.12
09.607 2983 -060.5 111.20
09.607 2983 -060.5 111.28
09.607 2983 -060.5 111.38
09.752 2983 -060.5 111.46
09.752 2983 -060.6 111.55
09.752 2983 -060.6 111.65
09.752 2983 -060.6 111.73
09.752 2983 -060.6 111.83
09.752 2983 -060.6 111.91
09.752 2983 -060.6 111.99
09.555 2983 -060.6 112.07
09.555 2983 -060.9 112.15
09.555 2983 -060.9 112.25
09.555 2983 -060.9 112.34
09.555 2983 -060.9 112.43
09.555 2983 -060.9 112.52
09.555 2983 -060.9 112.60
09.428 2983 -061.3 112.68
09.428 2983 -061.3 112.76
09.428 2983 -061.3 112.84
09.428 2983 -061.3 112.94
09.428 2983 -061.3 113.04
09.428 2983 -061.3 113.13
09.428 2983 -061.3 113.22
09.673 3002 -061.4 113.30
09.673 3002 -061.4 113.38
09.673 3002 -061.4 113.48
09.673 3002 -061.4 113.56
09.673 3002 -061.4 113.65
09.673 3002 -061.4 113.73
09.673 3002 -061.4 113.81
09.966 2964 -061.5 113.89
09.966 2964 -061.5 113.97
09.966 2964 -061.5 114.06
09.966 2964 -061.5 114.14
09.966 2964 -061.5 114.22
09.966 2964 -061.5 114.30
09.966 2964 -061.5 114.39
09.812 2964 -061.5 114.47
09.812 2983 -061.9 114.55
09.812 2983 -061.9 114.64
09.812 2983 -061.9 114.73
09.812 2983 -061.9 114.81
09.812 2983 -061.9 114.89
09.812 2983 -061.9 114.97
09.812 2983 -061.9 115.07
09.697 3002 -061.9 115.16
09.697 3002 -061.9 115.24
09.697 3002 -061.9 115.33
09.697 3002 -061.9 115.41
09.697 3002 -061.9 115.50
09.697 3002 -061.9 115.58
09.697 3002 -061.9 115.66
10.752 2983 -062.1 115.75
10.752 2983 -062.1 115.83
10.752 2983 -062.1 115.91
10.752 2983 -062.1 116.01
10.752 2983 -062.1 116.09
10.752 2983 -062.1 116.19
10.752 2983 -062.1 116.27
10.723 2964 -062.5 116.35
10.723 2964 -062.5 116.43
10.723 2964 -062.5 116.52
10.723 2964 -062.5 116.60
10.723 2964 -062.5 116.68
10.723 2964 -062.5 116.78
10.723 2964 -062.5 116.86
11.745 2926 -062.7 116.95
11.745 2926 -062.7 117.03
11.745 2926 -062.7 117.11
11.745 2926 -062.7 117.20
11.745 2926 -062.7 117.30
11.745 2926 -062.7 117.37
11.745 2926 -062.7 117.46
12.006 2888 -062.8 117.54
12.006 2888 -062.8 117.61
12.006 2888 -062.8 117.70
12.006 2888 -062.8 117.79
12.006 2888 -062.8 117.89
12.006 2888 -062.8 117.98
12.006 2888 -062.8 118.06
11.649 2831 -063.2 118.16
11.649 2831 -063.2 118.25
11.649 2831 -063.2 118.33
11.649 2831 -063.2 118.42
11.649 2831 -063.2 118.50
11.649 2831 -063.2 118.60
11.649 2831 -063.2 118.68
12.186 2850 -062.9 118.76
12.186 2850 -062.9 118.84
12.186 2850 -062.9 118.94
12.186 2850 -062.9 119.03
12.186 2850 -062.9 119.13
12.186 2850 -062.9 119.21
12.322 2812 -062.9 119.29
12.322 2812 -063.4 119.39
12.322 2812 -063.4 119.47
12.322 2812 -063.4 119.56
12.322 2812 -063.4 119.65
12.322 2812 -063.4 119.75
12.322 2812 -063.4 119.85
12.57 2755 -063.6 119.94
12.57 2755 -063.6 120.03
12.57 2755 -063.6 120.11
12.57 2755 -063.6 120.19
12.57 2755 -063.6 120.27
12.57 2755 -063.6 120.36
12.57 2755 -063.6 120.45
11.865 2755 -063.4 120.54
11.865 2755 -063.4 120.63
11.865 2755 -063.4 120.71
11.865 2755 -063.4 120.80
11.865 2755 -063.4 120.88
11.865 2755 -063.4 120.98
11.865 2755 -063.4 121.08
11.244 2774 -063.6 121.16
11.244 2774 -063.6 121.24
11.244 2774 -063.6 121.34
11.244 2774 -063.6 121.43
11.244 2774 -063.6 121.51
11.244 2774 -063.6 121.59
11.244 2774 -063.6 121.68
10.911 2793 -064.0 121.77
10.911 2793 -064.0 121.85
10.911 2793 -064.0 121.93
10.911 2793 -064.0 122.02
10.911 2793 -064.0 122.11
10.911 2793 -064.0 122.19
10.911 2793 -064.0 122.28
10.593 2869 -064.1 122.37
10.593 2869 -064.1 122.45
10.593 2869 -064.1 122.53
10.593 2869 -064.1 122.62
10.593 2869 -064.1 122.70
10.593 2869 -064.1 122.78
10.593 2869 -064.1 122.86
10.347 2888 -064.3 122.94
10.347 2888 -064.3 123.03
10.347 2888 -064.3 123.12
10.347 2888 -064.3 123.20
10.347 2888 -064.3 123.29
10.347 2888 -064.3 123.37
10.347 2888 -064.3 123.46
10.271 2907 -064.8 123.54
10.271 2907 -064.8 123.64
10.271 2907 -064.8 123.72
10.271 2907 -064.8 123.81
10.271 2907 -064.8 123.89
10.271 2907 -064.8 123.97
10.271 2907 -064.8 124.06
08.865 2945 -065.1 124.14
08.865 2945 -065.1 124.22
08.865 2945 -065.1 124.31
08.865 2945 -065.1 124.39
08.865 2945 -065.1 124.47
08.865 2945 -065.1 124.56
08.865 2945 -065.1 124.64
09.153 3002 -065.3 124.73
09.153 3002 -065.3 124.81
09.153 3002 -065.3 124.90
09.153 3002 -065.3 124.99
09.153 3002 -065.3 125.07
09.153 3002 -065.3 125.15
09.153 3002 -065.3 125.23
08.701 2983 -065.3 125.32
08.701 2983 -065.4 125.40
08.701 2983 -065.4 125.49
08.701 2983 -065.4 125.57
08.701 2983 -065.4 125.66
08.701 2983 -065.4 125.74
08.701 2983 -065.4 125.82
08.701 2983 -065.4 125.90
09.027 2964 -065.5 125.98
09.027 2964 -065.5 126.06
09.027 2964 -065.5 126.14
09.027 2964 -065.5 126.23
09.027 2964 -065.5 126.31
09.027 2964 -065.5 126.41
09.027 2964 -065.5 126.50
08.777 2983 -066.0 126.58
08.777 2983 -066.0 126.66
08.777 2983 -066.0 126.74
08.777 2983 -066.0 126.83
08.777 2983 -066.0 126.91
08.777 2983 -066.0 126.99
08.777 2983 -066.0 127.07
08.469 2983 -066.0 127.16
08.469 2983 -066.0 127.24
08.469 2983 -066.0 127.34
08.469 2983 -066.0 127.43
08.469 2983 -066.0 127.53
08.469 2983 -066.0 127.61
08.469 2983 -066.0 127.69
08.448 2983 -066.1 127.78
08.448 2983 -066.1 127.88
08.448 2983 -066.1 127.97
08.448 2983 -066.1 128.05
08.448 2983 -066.1 128.14
08.448 2983 -066.1 128.22
08.823 2983 -066.1 128.32
08.823 3002 -066.3 128.39
08.823 3002 -066.3 128.48
08.823 3002 -066.3 128.56
08.823 3002 -066.3 128.65
08.823 3002 -066.3 128.75
08.823 3002 -066.3 128.84
08.427 3002 -066.3 128.92
08.427 2983 -066.4 129.01
08.427 2983 -066.4 129.09
08.427 2983 -066.4 129.18
08.427 2983 -066.4 129.26
08.427 2983 -066.4 129.34
08.427 2983 -066.4 129.44
08.207 2983 -066.4 129.53
08.207 2983 -066.6 129.62
08.207 2983 -066.6 129.70
08.207 2983 -066.6 129.78
08.207 2983 -066.6 129.86
08.207 2983 -066.6 129.95
08.207 2983 -066.6 130.05
08.207 2983 -066.6 130.13
08.708 3021 -066.5 130.21
08.708 3021 -066.5 130.29
08.708 3021 -066.5 130.38
08.708 3021 -066.5 130.46
08.708 3021 -066.5 130.54
08.708 3021 -066.5 130.62
08.708 3021 -066.5 130.70
08.445 2983 -067.0 130.79
08.445 2983 -067.0 130.87
08.445 2983 -067.0 130.94
08.445 2983 -067.0 131.02
08.445 2983 -067.0 131.12
08.445 2983 -067.0 131.21
08.445 2983 -067.0 131.31
08.126 2983 -067.1 131.39
08.126 2983 -067.1 131.46
08.126 2983 -067.1 131.55
08.126 2983 -067.1 131.65
08.126 2983 -067.1 131.73
08.126 2983 -067.1 131.81
08.126 2983 -067.1 131.90
08.745 2983 -067.1 131.98
08.745 2983 -067.1 132.07
08.745 2983 -067.1 132.16
08.745 2983 -067.1 132.24
08.745 2983 -067.1 132.32
08.745 2983 -067.1 132.41
08.745 2983 -067.1 132.51
09.031 2983 -067.4 132.59
09.031 2983 -067.4 132.68
09.031 2983 -067.4 132.76
09.031 2983 -067.4 132.84
09.031 2983 -067.4 132.92
09.031 2983 -067.4 133.00
09.031 2983 -067.4 133.10
08.748 2964 -067.4 133.19
08.748 2964 -067.4 133.27
08.748 2964 -067.4 133.35
08.748 2964 -067.4 133.43
08.748 2964 -067.4 133.52
08.748 2964 -067.4 133.60
08.748 2964 -067.4 133.68
09.116 2983 -067.8 133.76
09.116 2983 -067.8 133.85
09.116 2983 -067.8 133.93
09.116 2983 -067.8 134.01
09.116 2983 -067.8 134.10
09.116 2983 -067.8 134.18
09.116 2983 -067.8 134.26
09.611 3002 -067.8 134.37
09.611 3002 -067.8 134.45
09.611 3002 -067.8 134.53
09.611 3002 -067.8 134.62
09.611 3002 -067.8 134.70
09.611 3002 -067.8 134.79
09.611 3002 -067.8 134.88
09.028 2983 -067.8 134.96
09.028 2983 -067.8 135.04
09.028 2983 -067.8 135.13
09.028 2983 -067.8 135.21
09.028 2983 -067.8 135.30
09.028 2983 -067.8 135.39
09.028 2983 -067.8 135.48
08.933 2983 -068.3 135.56
08.933 2983 -068.3 135.65
08.933 2983 -068.3 135.73
08.933 2983 -068.3 135.81
08.933 2983 -068.3 135.90
08.933 2983 -068.3 135.98
08.933 2983 -068.3 136.07
08.853 2983 -068.3 136.15
08.853 2983 -068.5 136.25
08.853 2983 -068.5 136.33
08.853 2983 -068.5 136.43
08.853 2983 -068.5 136.52
08.853 2983 -068.5 136.60
08.853 2983 -068.5 136.68
08.84 2983 -068.5 136.76
08.84 2983 -068.6 136.84
08.84 2983 -068.6 136.92
08.84 2983 -068.6 137.01
08.84 2983 -068.6 137.09
08.84 2983 -068.6 137.17
08.84 2983 -068.6 137.26
08.84 2983 -068.6 137.34
08.502 2983 -068.8 137.42
08.502 2983 -068.8 137.50
08.502 2983 -068.8 137.59
08.502 2983 -068.8 137.67
08.502 2983 -068.8 137.76
08.502 2983 -068.8 137.84
08.502 2983 -068.8 137.92
08.832 2983 -069.0 138.02
08.832 2983 -069.0 138.11
08.832 2983 -069.0 138.19
08.832 2983 -069.0 138.27
08.832 2983 -069.0 138.36
08.832 2983 -069.0 138.45
08.832 2983 -069.0 138.52
08.855 2983 -069.1 138.60
08.855 2983 -069.1 138.69
08.855 2983 -069.1 138.77
08.855 2983 -069.1 138.85
08.855 2983 -069.1 138.95
08.855 2983 -069.1 139.03
08.855 2983 -069.1 139.12
08.286 2983 -069.1 139.20
08.286 2983 -069.1 139.30
08.286 2983 -069.1 139.38
08.286 2983 -069.1 139.47
08.286 2983 -069.1 139.57
08.286 2983 -069.1 139.66
08.286 2983 -069.1 139.74
08.743 2983 -069.5 139.82
08.743 2983 -069.5 139.90
08.743 2983 -069.5 139.99
08.743 2983 -069.5 140.07
08.743 2983 -069.5 140.15
08.743 2983 -069.5 140.25
08.743 2983 -069.5 140.33
08.597 2983 -069.8 140.41
08.597 2983 -069.8 140.49
08.597 2983 -069.8 140.57
08.597 2983 -069.8 140.66
08.597 2983 -069.8 140.74
08.597 2983 -069.8 140.84
08.597 2983 -069.8 140.93
08.396 3002 -069.7 141.01
08.396 3002 -069.7 141.10
08.396 3002 -069.7 141.18
08.396 3002 -069.7 141.26
08.396 3002 -069.7 141.34
08.396 3002 -069.7 141.43
08.396 3002 -069.7 141.53
07.828 3002 -070.2 141.62
07.828 3002 -070.2 141.70
07.828 3002 -070.2 141.78
07.828 3002 -070.2 141.87
07.828 3002 -070.2 141.96
07.828 3002 -070.2 142.06
07.828 3002 -070.2 142.14
07.77 3002 -070.4 142.22
07.77 3002 -070.4 142.30
07.77 3002 -070.4 142.39
07.77 3002 -070.4 142.48
07.77 3002 -070.4 142.56
07.77 3002 -070.4 142.64
07.77 3002 -070.4 142.73
07.578 3002 -070.3 142.82
07.578 3002 -070.3 142.90
07.578 3002 -070.3 142.98
07.578 3002 -070.3 143.06
07.578 3002 -070.3 143.14
07.578 3002 -070.3 143.23
07.578 3002 -070.3 143.31
07.215 3002 -070.8 143.39
07.215 3002 -070.8 143.47
07.215 3002 -070.8 143.57
07.215 3002 -070.8 143.66
07.215 3002 -070.8 143.74
07.215 3002 -070.8 143.82
07.215 3002 -070.8 143.91
06.994 3002 -070.8 143.99
06.994 3002 -070.7 144.08
06.994 3002 -070.7 144.18
06.994 3002 -070.7 144.26
06.994 3002 -070.7 144.34
06.994 3002 -070.7 144.42
06.994 3002 -070.7 144.51
06.801 3002 -071.0 144.59
06.801 3002 -071.0 144.68
06.801 3002 -071.0 144.76
06.801 3002 -071.0 144.84
06.801 3002 -071.0 144.93
06.801 3002 -071.0 145.01
06.801 3002 -071.0 145.09
06.38 3002 -071.0 145.17
06.38 3021 -071.1 145.26
06.38 3021 -071.1 145.35
06.38 3021 -071.1 145.45
06.38 3021 -071.1 145.54
06.38 3021 -071.1 145.62
06.38 3021 -071.1 145.70
06.616 3002 -071.1 145.78
06.616 3002 -071.2 145.86
06.616 3002 -071.2 145.94
06.616 3002 -071.2 146.03
06.616 3002 -071.2 146.11
06.616 3002 -071.2 146.20
06.616 3002 -071.2 146.28
06.525 3002 -071.2 146.37
06.525 3021 -071.3 146.46
06.525 3021 -071.3 146.55
06.525 3021 -071.3 146.65
06.525 3021 -071.3 146.73
06.525 3021 -071.3 146.81
06.525 3021 -071.3 146.89
06.867 3021 -071.3 146.98
06.867 3002 -071.5 147.06
06.867 3002 -071.5 147.14
06.867 3002 -071.5 147.22
06.867 3002 -071.5 147.32
06.867 3002 -071.5 147.41
06.867 3002 -071.5 147.49
06.867 3002 -071.5 147.57
06.773 3021 -071.8 147.65
06.773 3021 -071.8 147.74
06.773 3021 -071.8 147.82
06.773 3021 -071.8 147.91
06.773 3021 -071.8 148.00
06.773 3021 -071.8 148.08
06.773 3021 -071.8 148.16
06.914 3002 -071.7 148.24
06.914 3002 -071.7 148.32
06.914 3002 -071.7 148.42
06.914 3002 -071.7 148.50
06.914 3002 -071.7 148.59
06.914 3002 -071.7 148.67
06.914 3002 -071.7 148.75
07.818 3002 -072.0 148.83
07.818 3002 -072.0 148.91
07.818 3002 -072.0 149.00
07.818 3002 -072.0 149.08
07.818 3002 -072.0 149.16
07.818 3002 -072.0 149.24
07.818 3002 -072.0 149.32
08.192 2983 -072.0 149.41
08.192 2983 -071.9 149.50
08.192 2983 -071.9 149.59
08.192 2983 -071.9 149.67
08.192 2983 -071.9 149.76
08.192 2983 -071.9 149.84
08.192 2983 -071.9 149.92
08.17 2983 -071.9 150.00
08.17 3002 -072.0 150.09
08.17 3002 -072.0 150.17
08.17 3002 -072.0 150.25
08.17 3002 -072.0 150.33
08.17 3002 -072.0 150.42
08.17 3002 -072.0 150.52
07.863 2983 -072.0 150.60
07.863 2983 -072.5 150.68
07.863 2983 -072.5 150.76
07.863 2983 -072.5 150.86
07.863 2983 -072.5 150.94
07.863 2983 -072.5 151.02
07.863 2983 -072.5 151.11
07.863 2983 -072.5 151.19
08.379 2983 -072.5 151.27
08.379 2983 -072.5 151.36
08.379 2983 -072.5 151.44
08.379 2983 -072.5 151.53
08.379 2983 -072.5 151.62
08.379 2983 -072.5 151.70
08.524 2983 -072.5 151.80
08.524 2983 -072.9 151.89
08.524 2983 -072.9 151.99
08.524 2983 -072.9 152.08
08.524 2983 -072.9 152.16
08.524 2983 -072.9 152.24
08.524 2983 -072.9 152.32
08.116 2983 -072.9 152.41
08.116 2983 -072.9 152.49
08.116 2983 -072.9 152.58
08.116 2983 -072.9 152.67
08.116 2983 -072.9 152.76
08.116 2983 -072.9 152.85
08.116 2983 -072.9 152.95
08.369 3021 -073.2 153.04
08.369 3021 -073.2 153.12
08.369 3021 -073.2 153.20
08.369 3021 -073.2 153.29
08.369 3021 -073.2 153.39
08.369 3021 -073.2 153.48
08.369 3021 -073.2 153.57
08.223 3002 -073.3 153.65
08.223 3002 -073.3 153.74
08.223 3002 -073.3 153.82
08.223 3002 -073.3 153.90
08.223 3002 -073.3 153.99
08.223 3002 -073.3 154.09
08.223 3002 -073.3 154.17
07.919 3002 -073.4 154.26
07.919 3002 -073.4 154.35
07.919 3002 -073.4 154.45
07.919 3002 -073.4 154.54
07.919 3002 -073.4 154.62
07.919 3002 -073.4 154.70
07.919 3002 -073.4 154.79
07.723 2983 -073.7 154.87
07.723 2983 -073.7 154.95
07.723 2983 -073.7 155.03
07.723 2983 -073.7 155.11
07.723 2983 -073.7 155.19
07.723 2983 -073.7 155.28
07.723 2983 -073.7 155.36
07.42 3002 -073.8 155.45
07.42 3002 -073.8 155.53
07.42 3002 -073.8 155.64
07.42 3002 -073.8 155.72
07.42 3002 -073.8 155.81
07.42 3002 -073.8 155.91
07.42 3002 -073.8 155.99
07.778 3002 -073.8 156.07
07.778 3002 -073.8 156.15
07.778 3002 -073.8 156.23
07.778 3002 -073.8 156.31
07.778 3002 -073.8 156.39
07.778 3002 -073.8 156.49
07.778 3002 -073.8 156.57
07.807 3002 -073.8 156.65
07.807 3002 -073.8 156.73
07.807 3002 -073.8 156.83
07.807 3002 -073.8 156.91
07.807 3002 -073.8 156.99
07.807 3002 -073.8 157.08
07.807 3002 -073.8 157.16
07.512 3002 -074.0 157.26
07.512 3002 -074.0 157.34
07.512 3002 -074.0 157.43
07.512 3002 -074.0 157.51
07.512 3002 -074.0 157.59
07.512 3002 -074.0 157.67
07.512 3002 -074.0 157.75
07.491 3002 -074.3 157.85
07.491 3002 -074.3 157.95
07.491 3002 -074.3 158.04
07.491 3002 -074.3 158.13
07.491 3002 -074.3 158.21
07.491 3002 -074.3 158.30
07.491 3002 -074.3 158.40
07.335 2983 -074.5 158.48
07.335 2983 -074.5 158.56
07.335 2983 -074.5 158.64
07.335 2983 -074.5 158.73
07.335 2983 -074.5 158.82
07.335 2983 -074.5 158.90
07.335 2983 -074.5 158.99
07.936 3002 -074.6 159.07
07.936 3002 -074.6 159.15
07.936 3002 -074.6 159.24
07.936 3002 -074.6 159.32
07.936 3002 -074.6 159.40
07.936 3002 -074.6 159.49
07.936 3002 -074.6 159.57
07.591 3002 -074.8 159.66
07.591 3002 -074.8 159.75
07.591 3002 -074.8 159.83
07.591 3002 -074.8 159.91
07.591 3002 -074.8 159.99
07.591 3002 -074.8 160.07
07.591 3002 -074.8 160.15
07.802 3021 -074.9 160.24
07.802 3021 -074.9 160.32
07.802 3021 -074.9 160.40
07.802 3021 -074.9 160.48
07.802 3021 -074.9 160.56
07.802 3021 -074.9 160.66
07.802 3021 -074.9 160.75
07.339 3021 -074.9 160.83
07.339 3021 -075.1 160.91
07.339 3021 -075.1 160.99
07.339 3021 -075.1 161.07
07.339 3021 -075.1 161.17
07.339 3021 -075.1 161.25
07.339 3021 -075.1 161.34
07.094 3021 -075.1 161.43
07.094 3021 -075.4 161.52
07.094 3021 -075.4 161.61
07.094 3021 -075.4 161.70
07.094 3021 -075.4 161.78
07.094 3021 -075.4 161.86
07.094 3021 -075.4 161.97
07.431 3002 -075.3 162.05
07.431 3002 -075.3 162.15
07.431 3002 -075.3 162.23
07.431 3002 -075.3 162.31
07.431 3002 -075.3 162.39
07.431 3002 -075.3 162.48
07.431 3002 -075.3 162.58
07.402 3002 -075.5 162.66
07.402 3002 -075.5 162.74
07.402 3002 -075.5 162.82
07.402 3002 -075.5 162.90
07.402 3002 -075.5 162.99
07.402 3002 -075.5 163.07
07.402 3002 -075.5 163.15
07.379 3002 -075.5 163.26
07.379 3002 -075.7 163.34
07.379 3002 -075.7 163.42
07.379 3002 -075.7 163.50
07.379 3002 -075.7 163.60
07.379 3002 -075.7 163.68
07.379 3002 -075.7 163.76
07.019 3002 -075.7 163.84
07.019 3002 -075.7 163.93
07.019 3002 -075.7 164.01
07.019 3002 -075.7 164.10
07.019 3002 -075.7 164.18
07.019 3002 -075.7 164.26
07.019 3002 -075.7 164.36
07.271 3002 -075.7 164.44
07.271 3002 -076.0 164.54
07.271 3002 -076.0 164.63
07.271 3002 -076.0 164.71
07.271 3002 -076.0 164.80
07.271 3002 -076.0 164.89
07.271 3002 -076.0 164.98
07.484 3002 -076.3 165.06
07.484 3002 -076.3 165.15
07.484 3002 -076.3 165.23
07.484 3002 -076.3 165.31
07.484 3002 -076.3 165.40
07.484 3002 -076.3 165.48
07.484 3002 -076.3 165.58
07.564 3002 -076.0 165.66
07.564 3002 -076.0 165.75
07.564 3002 -076.0 165.85
07.564 3002 -076.0 165.93
07.564 3002 -076.0 166.00
07.564 3002 -076.0 166.09
07.564 3002 -076.0 166.17
07.891 3002 -076.3 166.26
07.891 3002 -076.3 166.35
07.891 3002 -076.3 166.45
07.891 3002 -076.3 166.54
07.891 3002 -076.3 166.63
07.891 3002 -076.3 166.73
07.891 3002 -076.3 166.82
07.727 3002 -076.6 166.90
07.727 3002 -076.6 166.98
07.727 3002 -076.6 167.07
07.727 3002 -076.6 167.15
07.727 3002 -076.6 167.24
07.727 3002 -076.6 167.33
07.727 3002 -076.6 167.41
07.663 2983 -077.0 167.49
07.663 2983 -077.0 167.57
07.663 2983 -077.0 167.66
07.663 2983 -077.0 167.75
07.663 2983 -077.0 167.84
07.663 2983 -077.0 167.92
07.663 2983 -077.0 168.00
08.016 3002 -076.8 168.10
08.016 3002 -076.8 168.18
08.016 3002 -076.8 168.27
08.016 3002 -076.8 168.35
08.016 3002 -076.8 168.43
08.016 3002 -076.8 168.53
08.016 3002 -076.8 168.61
07.953 3002 -076.9 168.70
07.953 3002 -076.9 168.78
07.953 3002 -076.9 168.86
07.953 3002 -076.9 168.95
07.953 3002 -076.9 169.02
07.953 3002 -076.9 169.12
07.953 3002 -076.9 169.20
07.457 3002 -077.4 169.28
07.457 3002 -077.4 169.37
07.457 3002 -077.4 169.45
07.457 3002 -077.4 169.54
07.457 3002 -077.4 169.63
07.457 3002 -077.4 169.71
07.457 3002 -077.4 169.79
07.316 3021 -077.7 169.87
07.316 3021 -077.7 169.98
07.316 3021 -077.7 170.07
07.316 3021 -077.7 170.16
07.316 3021 -077.7 170.26
07.316 3021 -077.7 170.34
07.316 3021 -077.7 170.43
07.8 3002 -077.6 170.51
07.8 3002 -077.6 170.61
07.8 3002 -077.6 170.69
07.8 3002 -077.6 170.77
07.8 3002 -077.6 170.87
07.8 3002 -077.6 170.95
07.8 3002 -077.6 171.05
07.828 2983 -077.6 171.14
07.828 2983 -077.6 171.24
07.828 2983 -077.6 171.32
07.828 2983 -077.6 171.40
07.828 2983 -077.6 171.48
07.828 2983 -077.6 171.56
07.828 2983 -077.6 171.65
07.666 3002 -077.6 171.73
07.666 3002 -077.6 171.82
07.666 3002 -077.6 171.90
07.666 3002 -077.6 171.97
07.666 3002 -077.6 172.07
07.666 3002 -077.6 172.16
07.651 3002 -077.6 172.26
07.651 3002 -077.8 172.35
07.651 3002 -077.8 172.44
07.651 3002 -077.8 172.53
07.651 3002 -077.8 172.61
07.651 3002 -077.8 172.69
07.651 3002 -077.8 172.78
07.663 3002 -077.8 172.86
07.663 3002 -078.1 172.94
07.663 3002 -078.1 173.02
07.663 3002 -078.1 173.10
07.663 3002 -078.1 173.19
07.663 3002 -078.1 173.28
07.663 3002 -078.1 173.37
07.433 3002 -078.1 173.46
07.433 3002 -078.2 173.54
07.433 3002 -078.2 173.62
07.433 3002 -078.2 173.70
07.433 3002 -078.2 173.79
07.433 3002 -078.2 173.87
07.433 3002 -078.2 173.96
07.433 3002 -078.2 174.06
07.591 3002 -078.4 174.13
07.591 3002 -078.4 174.23
07.591 3002 -078.4 174.32
07.591 3002 -078.4 174.40
07.591 3002 -078.4 174.48
07.591 3002 -078.4 174.56
07.591 3002 -078.4 174.64
07.444 3002 -078.6 174.74
07.444 3002 -078.6 174.82
07.444 3002 -078.6 174.92
07.444 3002 -078.6 175.01
07.444 3002 -078.6 175.11
07.444 3002 -078.6 175.20
07.235 3002 -078.7 175.29
07.235 3002 -078.7 175.37
07.235 3002 -078.7 175.45
07.235 3002 -078.7 175.53
07.235 3002 -078.7 175.61
07.235 3002 -078.7 175.70
07.235 3002 -078.7 175.78
07.235 3002 -078.7 175.86
07.139 3002 -079.0 175.94
07.139 3002 -079.0 176.02
07.139 3002 -079.0 176.11
07.139 3002 -079.0 176.19
07.139 3002 -079.0 176.27
07.139 3002 -079.0 176.35
07.139 3002 -079.0 176.43
07.499 3021 -079.2 176.52
07.499 3021 -079.2 176.60
07.499 3021 -079.2 176.68
07.499 3021 -079.2 176.78
07.499 3021 -079.2 176.87
07.499 3021 -079.2 176.95
07.499 3021 -079.2 177.03
07.46 3002 -079.4 177.11
07.46 3002 -079.4 177.19
07.46 3002 -079.4 177.29
07.46 3002 -079.4 177.37
07.46 3002 -079.4 177.46
07.46 3002 -079.4 177.54
07.46 3002 -079.4 177.63
07.29 3002 -079.6 177.71
07.29 3002 -079.6 177.79
07.29 3002 -079.6 177.87
07.29 3002 -079.6 177.96
07.29 3002 -079.6 178.04
07.29 3002 -079.6 178.12
07.29 3002 -079.6 178.21
07.525 3002 -079.6 178.29
07.525 3002 -079.3 178.37
07.525 3002 -079.3 178.45
07.525 3002 -079.3 178.55
07.525 3002 -079.3 178.64
07.525 3002 -079.3 178.72
07.525 3002 -079.3 178.80
07.016 3021 -079.5 178.90
07.016 3021 -079.5 178.98
07.016 3021 -079.5 179.06
07.016 3021 -079.5 179.15
07.016 3021 -079.5 179.23
07.016 3021 -079.5 179.31
07.016 3021 -079.5 179.39
07.039 3021 -079.5 179.48
07.039 3002 -079.8 179.56
07.039 3002 -079.8 179.65
07.039 3002 -079.8 179.73
07.039 3002 -079.8 179.82
07.039 3002 -079.8 179.92
07.039 3002 -079.8 180.01
07.088 3002 -079.8 180.09
07.088 3002 -079.7 180.17
07.088 3002 -079.7 180.26
07.088 3002 -079.7 180.35
07.088 3002 -079.7 180.43
07.088 3002 -079.7 180.52
07.088 3002 -079.7 180.60
06.877 3002 -079.7 180.69
06.877 3002 -080.1 180.77
06.877 3002 -080.1 180.85
06.877 3002 -080.1 180.96
06.877 3002 -080.1 181.04
06.877 3002 -080.1 181.14
06.877 3002 -080.1 181.23
06.908 3021 -080.4 181.31
06.908 3021 -080.4 181.40
06.908 3021 -080.4 181.48
06.908 3021 -080.4 181.57
06.908 3021 -080.4 181.65
06.908 3021 -080.4 181.76
06.908 3021 -080.4 181.84
07.089 3021 -080.5 181.92
07.089 3021 -080.5 182.00
07.089 3021 -080.5 182.08
07.089 3021 -080.5 182.16
07.089 3021 -080.5 182.24
07.089 3021 -080.5 182.34
07.089 3021 -080.5 182.43
07.115 3002 -080.5 182.52
07.115 3002 -080.5 182.61
07.115 3002 -080.5 182.69
07.115 3002 -080.5 182.77
07.115 3002 -080.5 182.86
07.115 3002 -080.5 182.94
07.115 3002 -080.5 183.03
07.13 3002 -080.5 183.12
07.13 3002 -080.7 183.20
07.13 3002 -080.7 183.28
07.13 3002 -080.7 183.36
07.13 3002 -080.7 183.44
07.13 3002 -080.7 183.52
07.13 3002 -080.7 183.60
06.76 3002 -080.7 183.69
06.76 3021 -080.8 183.78
06.76 3021 -080.8 183.86
06.76 3021 -080.8 183.94
06.76 3021 -080.8 184.02
06.76 3021 -080.8 184.11
06.76 3021 -080.8 184.20
06.76 3021 -080.8 184.28
06.82 3002 -081.1 184.37
06.82 3002 -081.1 184.45
06.82 3002 -081.1 184.53
06.82 3002 -081.1 184.61
06.82 3002 -081.1 184.70
06.82 3002 -081.1 184.78
06.82 3002 -081.1 184.86
06.982 3021 -081.3 184.96
06.982 3021 -081.3 185.04
06.982 3021 -081.3 185.12
06.982 3021 -081.3 185.21
06.982 3021 -081.3 185.29
06.982 3021 -081.3 185.37
06.982 3021 -081.3 185.46
06.828 3002 -081.5 185.54
06.828 3002 -081.5 185.63
06.828 3002 -081.5 185.71
06.828 3002 -081.5 185.80
06.828 3002 -081.5 185.89
06.828 3002 -081.5 185.97
06.828 3002 -081.5 186.06
07.066 3002 -081.6 186.15
07.066 3002 -081.6 186.24
07.066 3002 -081.6 186.32
07.066 3002 -081.6 186.40
07.066 3002 -081.6 186.48
07.066 3002 -081.6 186.57
07.066 3002 -081.6 186.65
06.898 3021 -081.6 186.74
06.898 3021 -081.6 186.82
06.898 3021 -081.6 186.92
06.898 3021 -081.6 187.00
06.898 3021 -081.6 187.11
06.898 3021 -081.6 187.20
06.898 3021 -081.6 187.28
06.739 3021 -081.6 187.36
06.739 3021 -081.6 187.46
06.739 3021 -081.6 187.54
06.739 3021 -081.6 187.63
06.739 3021 -081.6 187.71
06.739 3021 -081.6 187.79
06.739 3021 -081.6 187.88
06.742 3040 -081.8 187.96
06.742 3040 -081.8 188.06
06.742 3040 -081.8 188.15
06.742 3040 -081.8 188.24
06.742 3040 -081.8 188.33
06.742 3040 -081.8 188.43
06.742 3040 -081.8 188.51
07.177 3021 -081.9 188.59
07.177 3021 -081.9 188.67
07.177 3021 -081.9 188.76
07.177 3021 -081.9 188.85
07.177 3021 -081.9 188.94
07.177 3021 -081.9 189.02
07.177 3021 -081.9 189.10
06.989 3021 -082.3 189.18
06.989 3021 -082.3 189.27
06.989 3021 -082.3 189.36
06.989 3021 -082.3 189.43
06.989 3021 -082.3 189.52
06.989 3021 -082.3 189.61
06.989 3021 -082.3 189.70
06.919 3040 -082.4 189.79
06.919 3040 -082.4 189.87
06.919 3040 -082.4 189.97
06.919 3040 -082.4 190.07
06.919 3040 -082.4 190.16
06.919 3040 -082.4 190.25
06.742 3021 -082.2 190.33
06.742 3021 -082.2 190.44
06.742 3021 -082.2 190.53
06.742 3021 -082.2 190.61
06.742 3021 -082.2 190.70
06.742 3021 -082.2 190.78
06.742 3021 -082.2 190.86
07.138 3002 -082.7 190.94
07.138 3002 -082.7 191.02
07.138 3002 -082.7 191.10
07.138 3002 -082.7 191.18
07.138 3002 -082.7 191.26
07.138 3002 -082.7 191.36
07.138 3002 -082.7 191.45
06.796 3021 -082.7 191.53
06.796 3021 -082.9 191.61
06.796 3021 -082.9 191.69
06.796 3021 -082.9 191.77
06.796 3021 -082.9 191.85
06.796 3021 -082.9 191.94
06.796 3021 -082.9 192.03
06.796 3021 -082.9 192.13
06.43 3021 -082.9 192.22
06.43 3021 -082.9 192.30
06.43 3021 -082.9 192.38
06.43 3021 -082.9 192.46
06.43 3021 -082.9 192.54
06.43 3021 -082.9 192.64
06.43 3021 -082.9 192.73
06.407 3021 -083.1 192.82
06.407 3021 -083.1 192.90
06.407 3021 -083.1 192.99
06.407 3021 -083.1 193.08
06.407 3021 -083.1 193.17
06.407 3021 -083.1 193.26
06.587 3002 -083.2 193.34
06.587 3002 -083.2 193.43
06.587 3002 -083.2 193.51
06.587 3002 -083.2 193.61
06.587 3002 -083.2 193.69
06.587 3002 -083.2 193.78
06.587 3002 -083.2 193.88
06.605 3021 -083.2 193.97
06.605 3021 -083.2 194.05
06.605 3021 -083.2 194.13
06.605 3021 -083.2 194.22
06.605 3021 -083.2 194.30
06.605 3021 -083.2 194.38
06.605 3021 -083.2 194.47
06.718 3002 -083.2 194.55
06.718 3002 -083.4 194.63
06.718 3002 -083.4 194.71
06.718 3002 -083.4 194.80
06.718 3002 -083.4 194.88
06.718 3002 -083.4 194.96
06.718 3002 -083.4 195.04
06.601 3021 -083.4 195.13
06.601 3021 -083.8 195.21
06.601 3021 -083.8 195.30
06.601 3021 -083.8 195.38
06.601 3021 -083.8 195.48
06.601 3021 -083.8 195.56
06.601 3021 -083.8 195.64
06.579 3021 -083.8 195.73
06.579 3021 -084.0 195.81
06.579 3021 -084.0 195.89
06.579 3021 -084.0 195.98
06.579 3021 -084.0 196.06
06.579 3021 -084.0 196.14
06.579 3021 -084.0 196.24
06.579 3021 -084.0 196.31
06.606 3002 -084.0 196.41
06.606 3002 -084.0 196.50
06.606 3002 -084.0 196.60
06.606 3002 -084.0 196.68
06.606 3002 -084.0 196.76
06.606 3002 -084.0 196.85
06.2 3002 -084.0 196.93
06.2 3021 -084.1 197.02
06.2 3021 -084.1 197.10
06.2 3021 -084.1 197.19
06.2 3021 -084.1 197.27
06.2 3021 -084.1 197.35
06.2 3021 -084.1 197.46
06.308 3021 -084.1 197.54
06.308 3021 -084.2 197.62
06.308 3021 -084.2 197.71
06.308 3021 -084.2 197.79
06.308 3021 -084.2 197.88
06.308 3021 -084.2 197.97
06.308 3021 -084.2 198.05
06.464 3021 -084.2 198.14
06.464 3021 -084.4 198.22
06.464 3021 -084.4 198.30
06.464 3021 -084.4 198.38
06.464 3021 -084.4 198.47
06.464 3021 -084.4 198.55
06.464 3021 -084.4 198.63
06.464 3021 -084.4 198.71
06.511 3002 -084.5 198.79
06.511 3002 -084.5 198.88
06.511 3002 -084.5 198.97
06.511 3002 -084.5 199.07
06.511 3002 -084.5 199.16
06.511 3002 -084.5 199.24
06.15 3002 -084.5 199.35
06.15 3021 -084.7 199.44
06.15 3021 -084.7 199.52
06.15 3021 -084.7 199.60
06.15 3021 -084.7 199.68
06.15 3021 -084.7 199.77
06.15 3021 -084.7 199.85
06.15 3021 -084.7 199.93
06.483 3021 -084.7 200.01
06.483 3021 -084.7 200.09
06.483 3021 -084.7 200.18
06.483 3021 -084.7 200.28
06.483 3021 -084.7 200.37
06.483 3021 -084.7 200.47
06.143 3021 -084.7 200.55
06.143 3002 -084.8 200.65
06.143 3002 -084.8 200.73
06.143 3002 -084.8 200.81
06.143 3002 -084.8 200.90
06.143 3002 -084.8 200.98
06.143 3002 -084.8 201.06
06.143 3002 -084.8 201.14
06.062 3021 -085.0 201.22
06.062 3021 -085.0 201.32
06.062 3021 -085.0 201.40
06.062 3021 -085.0 201.50
06.062 3021 -085.0 201.58
06.062 3021 -085.0 201.67
06.248 3021 -085.0 201.75
06.248 3002 -085.1 201.83
06.248 3002 -085.1 201.91
06.248 3002 -085.1 201.99
06.248 3002 -085.1 202.09
06.248 3002 -085.1 202.17
06.248 3002 -085.1 202.25
06.248 3002 -085.1 202.33
06.41 3021 -085.4 202.41
06.41 3021 -085.4 202.50
06.41 3021 -085.4 202.58
06.41 3021 -085.4 202.66
06.41 3021 -085.4 202.74
06.41 3021 -085.4 202.84
06.41 3021 -085.4 202.92
06.282 3021 -085.3 203.00
06.282 3021 -085.3 203.09
06.282 3021 -085.3 203.19
06.282 3021 -085.3 203.27
06.282 3021 -085.3 203.37
06.282 3021 -085.3 203.45
06.282 3021 -085.3 203.53
06.389 3021 -085.4 203.61
06.389 3021 -085.4 203.70
06.389 3021 -085.4 203.79
06.389 3021 -085.4 203.88
06.389 3021 -085.4 203.96
06.389 3021 -085.4 204.04
06.389 3021 -085.4 204.14
06.318 3021 -085.7 204.22
06.318 3021 -085.7 204.30
06.318 3021 -085.7 204.38
06.318 3021 -085.7 204.46
06.318 3021 -085.7 204.57
06.318 3021 -085.7 204.65
06.318 3021 -085.7 204.73
06.031 3040 -085.8 204.81
06.031 3040 -085.8 204.89
06.031 3040 -085.8 204.97
06.031 3040 -085.8 205.07
06.031 3040 -085.8 205.16
06.031 3040 -085.8 205.24
06.031 3040 -085.8 205.34
06.051 3002 -085.9 205.42
06.051 3002 -085.9 205.50
06.051 3002 -085.9 205.59
06.051 3002 -085.9 205.67
06.051 3002 -085.9 205.75
06.051 3002 -085.9 205.85
06.051 3002 -085.9 205.94
06.287 3002 -086.4 206.02
06.287 3002 -086.4 206.10
06.287 3002 -086.4 206.19
06.287 3002 -086.4 206.28
06.287 3002 -086.4 206.37
06.287 3002 -086.4 206.46
06.287 3002 -086.4 206.54
06.159 3040 -086.5 206.63
06.159 3040 -086.5 206.71
06.159 3040 -086.5 206.79
06.159 3040 -086.5 206.87
06.159 3040 -086.5 206.96
06.159 3040 -086.5 207.04
06.159 3040 -086.5 207.13
05.085 3059 -086.5 207.21
05.085 3059 -086.5 207.29
05.085 3059 -086.5 207.38
05.085 3059 -086.5 207.46
05.085 3059 -086.5 207.54
05.085 3059 -086.5 207.62
05.085 3059 -086.5 207.70
05.014 3097 -086.4 207.81
05.014 3097 -086.4 207.90
05.014 3097 -086.4 207.99
05.014 3097 -086.4 208.09
05.014 3097 -086.4 208.18
05.014 3097 -086.4 208.26
05.014 3097 -086.4 208.34
04.99 3097 -086.4 208.43
04.99 3097 -086.4 208.52
04.99 3097 -086.4 208.61
04.99 3097 -086.4 208.69
04.99 3097 -086.4 208.77
04.99 3097 -086.4 208.86
04.99 3097 -086.4 208.94
04.86 3116 -086.7 209.02
04.86 3116 -086.7 209.11
04.86 3116 -086.7 209.21
04.86 3116 -086.7 209.29
04.86 3116 -086.7 209.38
04.86 3116 -086.7 209.45
04.86 3116 -086.7 209.53
04.583 3097 -086.7 209.63
04.583 3097 -086.7 209.71
04.583 3097 -086.7 209.81
04.583 3097 -086.7 209.89
04.583 3097 -086.7 209.99
04.583 3097 -086.7 210.08
04.583 3097 -086.7 210.16
04.722 3116 -087.2 210.25
04.722 3116 -087.2 210.33
04.722 3116 -087.2 210.41
04.722 3116 -087.2 210.49
04.722 3116 -087.2 210.57
04.722 3116 -087.2 210.66
04.722 3116 -087.2 210.74
04.499 3097 -087.3 210.83
04.499 3097 -087.3 210.93
04.499 3097 -087.3 211.01
04.499 3097 -087.3 211.09
04.499 3097 -087.3 211.17
04.499 3097 -087.3 211.25
04.499 3097 -087.3 211.34
04.486 3097 -087.5 211.42
04.486 3097 -087.5 211.51
04.486 3097 -087.5 211.59
04.486 3097 -087.5 211.67
04.486 3097 -087.5 211.76
04.486 3097 -087.5 211.84
04.486 3097 -087.5 211.93
04.44 3097 -087.5 212.00
04.44 3116 -087.2 212.09
04.44 3116 -087.2 212.17
04.44 3116 -087.2 212.25
04.44 3116 -087.2 212.33
04.44 3116 -087.2 212.41
04.44 3116 -087.2 212.51
04.238 3097 -087.2 212.60
04.238 3097 -087.3 212.68
04.238 3097 -087.3 212.76
04.238 3097 -087.3 212.84
04.238 3097 -087.3 212.93
04.238 3097 -087.3 213.01
04.238 3097 -087.3 213.12
04.486 3116 -087.5 213.21
04.486 3116 -087.5 213.29
04.486 3116 -087.5 213.38
04.486 3116 -087.5 213.46
04.486 3116 -087.5 213.56
04.486 3116 -087.5 213.65
04.486 3116 -087.5 213.73
04.34 3116 -087.5 213.81
04.34 3116 -087.5 213.90
04.34 3116 -087.5 213.98
04.34 3116 -087.5 214.06
04.34 3116 -087.5 214.15
04.34 3116 -087.5 214.23
04.34 3116 -087.5 214.32
04.238 3116 -087.5 214.40
04.238 3135 -087.5 214.48
04.238 3135 -087.5 214.57
04.238 3135 -087.5 214.65
04.238 3135 -087.5 214.73
04.238 3135 -087.5 214.81
04.238 3135 -087.5 214.90
04.207 3116 -087.5 215.01
04.207 3116 -087.8 215.09
04.207 3116 -087.8 215.17
04.207 3116 -087.8 215.25
04.207 3116 -087.8 215.34
04.207 3116 -087.8 215.42
04.207 3116 -087.8 215.51
04.225 3116 -087.8 215.61
04.225 3116 -087.7 215.69
04.225 3116 -087.7 215.79
04.225 3116 -087.7 215.87
04.225 3116 -087.7 215.96
04.225 3116 -087.7 216.04
04.225 3116 -087.7 216.12
04.011 3116 -087.7 216.21
04.011 3116 -087.9 216.29
04.011 3116 -087.9 216.37
04.011 3116 -087.9 216.45
04.011 3116 -087.9 216.54
04.011 3116 -087.9 216.64
04.011 3116 -087.9 216.72
03.891 3116 -087.9 216.80
03.891 3116 -088.3 216.90
03.891 3116 -088.3 216.98
03.891 3116 -088.3 217.07
03.891 3116 -088.3 217.15
03.891 3116 -088.3 217.23
03.891 3116 -088.3 217.31
03.891 3116 -088.3 217.40
03.984 3116 -088.1 217.48
03.984 3116 -088.1 217.56
03.984 3116 -088.1 217.64
03.984 3116 -088.1 217.72
03.984 3116 -088.1 217.82
03.984 3116 -088.1 217.91
04.118 3116 -088.1 218.01
04.118 3116 -088.2 218.09
04.118 3116 -088.2 218.18
04.118 3116 -088.2 218.26
04.118 3116 -088.2 218.36
04.118 3116 -088.2 218.45
04.118 3116 -088.2 218.54
04.126 3097 -088.2 218.63
04.126 3097 -088.3 218.71
04.126 3097 -088.3 218.80
04.126 3097 -088.3 218.88
04.126 3097 -088.3 218.96
04.126 3097 -088.3 219.04
04.126 3097 -088.3 219.12
04.126 3097 -088.3 219.21
04.136 3116 -088.5 219.29
04.136 3116 -088.5 219.37
04.136 3116 -088.5 219.46
04.136 3116 -088.5 219.57
04.136 3116 -088.5 219.65
04.136 3116 -088.5 219.73
03.966 3116 -088.5 219.82
03.966 3116 -088.6 219.91
03.966 3116 -088.6 220.00
03.966 3116 -088.6 220.09
03.966 3116 -088.6 220.18
03.966 3116 -088.6 220.26
03.966 3116 -088.6 220.34
03.89 3116 -088.6 220.42
03.89 3116 -088.6 220.50
03.89 3116 -088.6 220.59
03.89 3116 -088.6 220.67
03.89 3116 -088.6 220.77
03.89 3116 -088.6 220.85
03.89 3116 -088.6 220.95
03.854 3097 -088.9 221.04
03.854 3097 -088.9 221.12
03.854 3097 -088.9 221.21
03.854 3097 -088.9 221.29
03.854 3097 -088.9 221.37
03.854 3097 -088.9 221.46
03.854 3097 -088.9 221.55
04.118 3116 -089.0 221.65
04.118 3116 -089.0 221.73
04.118 3116 -089.0 221.81
04.118 3116 -089.0 221.90
04.118 3116 -089.0 222.00
04.118 3116 -089.0 222.09
04.118 3116 -089.0 222.18
03.865 3097 -089.0 222.26
03.865 3097 -089.0 222.35
03.865 3097 -089.0 222.43
03.865 3097 -089.0 222.51
03.865 3097 -089.0 222.60
03.865 3097 -089.0 222.69
03.865 3097 -089.0 222.78
03.58 3116 -089.0 222.87
03.58 3116 -089.0 222.95
03.58 3116 -089.0 223.03
03.58 3116 -089.0 223.11
03.58 3116 -089.0 223.19
03.58 3116 -089.0 223.28
03.58 3116 -089.0 223.38
03.715 3116 -089.4 223.46
03.715 3116 -089.4 223.54
03.715 3116 -089.4 223.63
03.715 3116 -089.4 223.72
03.715 3116 -089.4 223.80
03.715 3116 -089.4 223.88
03.715 3116 -089.4 223.97
03.645 3116 -089.5 224.07
03.645 3116 -089.5 224.15
03.645 3116 -089.5 224.23
03.645 3116 -089.5 224.32
03.645 3116 -089.5 224.40
03.645 3116 -089.5 224.49
03.645 3116 -089.5 224.59
03.773 3116 -089.5 224.67
03.773 3116 -089.5 224.75
03.773 3116 -089.5 224.83
03.773 3116 -089.5 224.94
03.773 3116 -089.5 225.02
03.773 3116 -089.5 225.12
03.773 3116 -089.5 225.20
03.882 3116 -089.7 225.28
03.882 3116 -089.7 225.37
03.882 3116 -089.7 225.46
03.882 3116 -089.7 225.55
03.882 3116 -089.7 225.64
03.882 3116 -089.7 225.72
03.882 3116 -089.7 225.81
03.856 3097 -089.7 225.90
03.856 3097 -089.7 225.98
03.856 3097 -089.7 226.06
03.856 3097 -089.7 226.14
03.856 3097 -089.7 226.22
03.856 3097 -089.7 226.30
03.856 3097 -089.7 226.38
03.723 3116 -089.8 226.46
03.723 3116 -089.8 226.54
03.723 3116 -089.8 226.63
03.723 3116 -089.8 226.71
03.723 3116 -089.8 226.79
03.723 3116 -089.8 226.87
03.723 3116 -089.8 226.95
03.723 3116 -089.8 227.03
03.596 3097 -090.0 227.12
03.596 3097 -090.0 227.20
03.596 3097 -090.0 227.29
03.596 3097 -090.0 227.37
03.596 3097 -090.0 227.45
03.596 3097 -090.0 227.53
03.596 3097 -090.0 227.62
03.729 3097 -090.4 227.70
03.729 3097 -090.4 227.78
03.729 3097 -090.4 227.86
03.729 3097 -090.4 227.94
03.729 3097 -090.4 228.03
03.729 3097 -090.4 228.12
03.729 3097 -090.4 228.21
03.378 3116 -090.4 228.29
03.378 3116 -090.4 228.39
03.378 3116 -090.4 228.47
03.378 3116 -090.4 228.57
03.378 3116 -090.4 228.65
03.378 3116 -090.4 228.73
03.378 3116 -090.4 228.82
03.741 3116 -090.2 228.91
03.741 3116 -090.2 228.99
03.741 3116 -090.2 229.09
03.741 3116 -090.2 229.17
03.741 3116 -090.2 229.25
03.741 3116 -090.2 229.33
03.741 3116 -090.2 229.41
03.69 3116 -090.4 229.50
03.69 3116 -090.4 229.59
03.69 3116 -090.4 229.67
03.69 3116 -090.4 229.76
03.69 3116 -090.4 229.84
03.69 3116 -090.4 229.93
03.69 3116 -090.4 230.01
03.898 3097 -090.4 230.10
03.898 3097 -090.4 230.18
03.898 3097 -090.4 230.26
03.898 3097 -090.4 230.34
03.898 3097 -090.4 230.43
03.898 3097 -090.4 230.52
03.898 3097 -090.4 230.60
04.031 3116 -090.7 230.69
04.031 3116 -090.7 230.77
04.031 3116 -090.7 230.85
04.031 3116 -090.7 230.94
04.031 3116 -090.7 231.02
04.031 3116 -090.7 231.11
04.031 3116 -090.7 231.19
03.901 3097 -090.8 231.27
03.901 3097 -090.8 231.35
03.901 3097 -090.8 231.43
03.901 3097 -090.8 231.54
03.901 3097 -090.8 231.62
03.901 3097 -090.8 231.70
03.901 3097 -090.8 231.79
03.48 3097 -090.8 231.88
03.48 3097 -090.8 231.97
03.48 3097 -090.8 232.05
03.48 3097 -090.8 232.14
03.48 3097 -090.8 232.23
03.48 3097 -090.8 232.32
03.48 3097 -090.8 232.40
03.679 3097 -091.0 232.48
03.679 3097 -091.0 232.57
03.679 3097 -091.0 232.65
03.679 3097 -091.0 232.74
03.679 3097 -091.0 232.82
03.679 3097 -091.0 232.90
03.679 3097 -091.0 232.98
03.653 3116 -091.1 233.08
03.653 3116 -091.1 233.16
03.653 3116 -091.1 233.24
03.653 3116 -091.1 233.32
03.653 3116 -091.1 233.40
03.653 3116 -091.1 233.50
03.653 3116 -091.1 233.59
03.71 3097 -091.1 233.68
03.71 3097 -091.1 233.76
03.71 3097 -091.1 233.84
03.71 3097 -091.1 233.92
03.71 3097 -091.1 234.01
03.71 3097 -091.1 234.09
03.71 3097 -091.1 234.18
03.71 3097 -091.1 234.26
03.655 3116 -091.1 234.34
03.655 3116 -091.1 234.43
03.655 3116 -091.1 234.51
03.655 3116 -091.1 234.59
03.655 3116 -091.1 234.67
03.655 3116 -091.1 234.77
03.655 3116 -091.1 234.85
03.603 3116 -091.3 234.94
03.603 3116 -091.3 235.03
03.603 3116 -091.3 235.11
03.603 3116 -091.3 235.19
03.603 3116 -091.3 235.28
03.603 3116 -091.3 235.36
03.603 3116 -091.3 235.46
03.86 3116 -091.4 235.54
03.86 3116 -091.4 235.62
03.86 3116 -091.4 235.71
03.86 3116 -091.4 235.80
03.86 3116 -091.4 235.89
03.86 3116 -091.4 235.98
04.006 3097 -091.4 236.08
04.006 3097 -091.5 236.16
04.006 3097 -091.5 236.24
04.006 3097 -091.5 236.32
04.006 3097 -091.5 236.40
04.006 3097 -091.5 236.49
04.006 3097 -091.5 236.57
04.006 3097 -091.5 236.66
03.758 3097 -091.4 236.74
03.758 3097 -091.4 236.82
03.758 3097 -091.4 236.90
03.758 3097 -091.4 236.99
03.758 3097 -091.4 237.07
03.758 3097 -091.4 237.15
03.758 3097 -091.4 237.24
03.778 3097 -091.8 237.34
03.778 3097 -091.8 237.42
03.778 3097 -091.8 237.50
03.778 3097 -091.8 237.58
03.778 3097 -091.8 237.67
03.778 3097 -091.8 237.75
03.778 3097 -091.8 237.84
03.481 3116 -091.7 237.93
03.481 3116 -091.7 238.01
03.481 3116 -091.7 238.09
03.481 3116 -091.7 238.18
03.481 3116 -091.7 238.27
03.481 3116 -091.7 238.35
03.481 3116 -091.7 238.43
03.713 3116 -091.8 238.51
03.713 3116 -091.8 238.62
03.713 3116 -091.8 238.70
03.713 3116 -091.8 238.78
03.713 3116 -091.8 238.86
03.713 3116 -091.8 238.95
03.713 3116 -091.8 239.05
03.964 3097 -091.8 239.13
03.964 3097 -091.8 239.21
03.964 3097 -091.8 239.29
03.964 3097 -091.8 239.38
03.964 3097 -091.8 239.47
03.964 3097 -091.8 239.56
03.964 3097 -091.8 239.65
03.647 3097 -091.9 239.76
03.647 3097 -091.9 239.85
03.647 3097 -091.9 239.94
03.647 3097 -091.9 240.03
03.647 3097 -091.9 240.12
03.647 3097 -091.9 240.20
03.647 3097 -091.9 240.29
03.57 3116 -092.2 240.38
03.57 3116 -092.2 240.47
03.57 3116 -092.2 240.55
03.57 3116 -092.2 240.64
03.57 3116 -092.2 240.72
03.57 3116 -092.2 240.80
03.57 3116 -092.2 240.88
04.146 3097 -092.1 240.96
04.146 3097 -092.1 241.05
04.146 3097 -092.1 241.13
04.146 3097 -092.1 241.21
04.146 3097 -092.1 241.29
04.146 3097 -092.1 241.38
04.146 3097 -092.1 241.46
03.98 3097 -092.1 241.54
03.98 3097 -092.1 241.63
03.98 3097 -092.1 241.72
03.98 3097 -092.1 241.80
03.98 3097 -092.1 241.88
03.98 3097 -092.1 241.97
03.98 3097 -092.1 242.07
03.506 3135 -092.2 242.15
03.506 3135 -092.2 242.23
03.506 3135 -092.2 242.31
03.506 3135 -092.2 242.40
03.506 3135 -092.2 242.48
03.506 3135 -092.2 242.56
03.506 3135 -092.2 242.65
03.486 3097 -092.4 242.73
03.486 3097 -092.4 242.81
03.486 3097 -092.4 242.89
03.486 3097 -092.4 242.99
03.486 3097 -092.4 243.08
03.486 3097 -092.4 243.16
03.486 3097 -092.4 243.24
03.397 3116 -092.5 243.33
03.397 3116 -092.5 243.42
03.397 3116 -092.5 243.51
03.397 3116 -092.5 243.62
03.397 3116 -092.5 243.71
03.397 3116 -092.5 243.79
03.397 3116 -092.5 243.87
03.397 3116 -092.7 243.95
03.397 3116 -092.7 244.03
03.397 3116 -092.7 244.13
03.397 3116 -092.7 244.23
03.397 3116 -092.7 244.32
03.397 3116 -092.7 244.40
03.397 3116 -092.7 244.48
03.455 3116 -092.8 244.56
03.455 3116 -092.8 244.65
03.455 3116 -092.8 244.74
03.455 3116 -092.8 244.82
03.455 3116 -092.8 244.91
03.455 3116 -092.8 245.00
03.455 3116 -092.8 245.09
03.177 3135 -093.0 245.18
03.177 3135 -093.0 245.28
03.177 3135 -093.0 245.37
03.177 3135 -093.0 245.46
03.177 3135 -093.0 245.55
03.177 3135 -093.0 245.63
03.362 3135 -093.1 245.72
03.362 3135 -093.1 245.80
03.362 3135 -093.1 245.90
03.362 3135 -093.1 245.98
03.362 3135 -093.1 246.07
03.362 3135 -093.1 246.17
03.362 3135 -093.1 246.25
03.42 3135 -093.1 246.35
03.42 3135 -093.1 246.44
03.42 3135 -093.1 246.52
03.42 3135 -093.1 246.60
03.42 3135 -093.1 246.68
03.42 3135 -093.1 246.76
03.42 3135 -093.1 246.86
02.91 3135 -093.3 246.95
02.91 3135 -093.3 247.02
02.91 3135 -093.3 247.11
02.91 3135 -093.3 247.20
02.91 3135 -093.3 247.28
02.91 3135 -093.3 247.37
02.91 3135 -093.3 247.45
03.222 3116 -093.4 247.55
03.222 3116 -093.4 247.64
03.222 3116 -093.4 247.72
03.222 3116 -093.4 247.81
03.222 3116 -093.4 247.90
03.222 3116 -093.4 247.98
03.222 3116 -093.4 248.07
02.76 3135 -093.3 248.15
02.76 3135 -093.3 248.24
02.76 3135 -093.3 248.34
02.76 3135 -093.3 248.42
02.76 3135 -093.3 248.50
02.76 3135 -093.3 248.58
02.76 3135 -093.3 248.66
03.167 3154 -093.7 248.75
03.167 3154 -093.7 248.84
03.167 3154 -093.7 248.94
03.167 3154 -093.7 249.03
03.167 3154 -093.7 249.12
03.167 3154 -093.7 249.21
03.167 3154 -093.7 249.29
02.872 3116 -093.7 249.38
02.872 3116 -093.7 249.46
02.872 3116 -093.7 249.57
02.872 3116 -093.7 249.65
02.872 3116 -093.7 249.73
02.872 3116 -093.7 249.81
02.872 3116 -093.7 249.89
03.156 3154 -093.7 249.98
03.156 3154 -093.7 250.08
03.156 3154 -093.7 250.16
03.156 3154 -093.7 250.24
03.156 3154 -093.7 250.32
03.156 3154 -093.7 250.40
03.156 3154 -093.7 250.49
03.123 3135 -093.8 250.57
03.123 3135 -093.8 250.65
03.123 3135 -093.8 250.74
03.123 3135 -093.8 250.83
03.123 3135 -093.8 250.92
03.123 3135 -093.8 251.00
03.123 3135 -093.8 251.09
03.347 3097 -093.9 251.17
03.347 3097 -093.9 251.26
03.347 3097 -093.9 251.36
03.347 3097 -093.9 251.45
03.347 3097 -093.9 251.55
03.347 3097 -093.9 251.64
03.118 3116 -093.9 251.73
03.118 3116 -094.0 251.81
03.118 3116 -094.0 251.89
03.118 3116 -094.0 251.97
03.118 3116 -094.0 252.06
03.118 3116 -094.0 252.15
03.118 3116 -094.0 252.23
03.118 3116 -094.0 252.30
03.29 3116 -094.0 252.39
03.29 3116 -094.0 252.48
03.29 3116 -094.0 252.56
03.29 3116 -094.0 252.65
03.29 3116 -094.0 252.73
03.29 3116 -094.0 252.82
03.29 3116 -094.0 252.90
02.968 3116 -094.1 252.98
02.968 3116 -094.1 253.07
02.968 3116 -094.1 253.15
02.968 3116 -094.1 253.24
02.968 3116 -094.1 253.34
02.968 3116 -094.1 253.42
02.968 3116 -094.1 253.53
03.182 3116 -094.1 253.61
03.182 3116 -094.1 253.69
03.182 3116 -094.1 253.77
03.182 3116 -094.1 253.86
03.182 3116 -094.1 253.96
03.182 3116 -094.1 254.04
03.182 3116 -094.1 254.12
03.023 3116 -094.4 254.20
03.023 3116 -094.4 254.29
03.023 3116 -094.4 254.37
03.023 3116 -094.4 254.46
03.023 3116 -094.4 254.55
03.023 3116 -094.4 254.65
03.076 3135 -094.4 254.74
03.076 3135 -094.6 254.83
03.076 3135 -094.6 254.92
03.076 3135 -094.6 255.01
03.076 3135 -094.6 255.08
03.076 3135 -094.6 255.16
03.076 3135 -094.6 255.25
02.783 3135 -094.6 255.33
02.783 3116 -094.6 255.41
02.783 3116 -094.6 255.49
02.783 3116 -094.6 255.57
02.783 3116 -094.6 255.66
02.783 3116 -094.6 255.74
02.783 3116 -094.6 255.84
02.783 3116 -094.6 255.92
02.992 3135 -094.9 256.00
02.992 3135 -094.9 256.08
02.992 3135 -094.9 256.16
02.992 3135 -094.9 256.24
02.992 3135 -094.9 256.33
02.992 3135 -094.9 256.43
02.992 3135 -094.9 256.51
03.025 3116 -094.9 256.60
03.025 3116 -094.9 256.68
03.025 3116 -094.9 256.76
03.025 3116 -094.9 256.85
03.025 3116 -094.9 256.93
03.025 3116 -094.9 257.02
03.025 3116 -094.9 257.10
03.493 3116 -094.9 257.18
03.493 3116 -094.9 257.26
03.493 3116 -094.9 257.36
03.493 3116 -094.9 257.44
03.493 3116 -094.9 257.52
03.493 3116 -094.9 257.61
03.493 3116 -094.9 257.69
03.123 3097 -094.7 257.77
03.123 3097 -094.7 257.86
03.123 3097 -094.7 257.95
03.123 3097 -094.7 258.05
03.123 3097 -094.7 258.14
03.123 3097 -094.7 258.22
03.123 3097 -094.7 258.30
03.235 3116 -095.0 258.39
03.235 3116 -095.0 258.47
03.235 3116 -095.0 258.57
03.235 3116 -095.0 258.65
03.235 3116 -095.0 258.73
03.235 3116 -095.0 258.82
03.235 3116 -095.0 258.90
02.571 3135 -094.9 258.99
02.571 3135 -094.9 259.08
02.571 3135 -094.9 259.16
02.571 3135 -094.9 259.24
02.571 3135 -094.9 259.32
02.571 3135 -094.9 259.40
02.571 3135 -094.9 259.49
02.438 3135 -095.2 259.57
02.438 3135 -095.2 259.66
02.438 3135 -095.2 259.74
02.438 3135 -095.2 259.82
02.438 3135 -095.2 259.91
02.438 3135 -095.2 259.99
02.438 3135 -095.2 260.08
02.378 3135 -095.2 260.16
02.378 3135 -095.3 260.24
02.378 3135 -095.3 260.33

