02.817 1539 032.6 000.03
02.694 1539 032.6 000.11
02.694 1539 032.6 000.20
02.694 1539 032.6 000.28
02.694 1539 032.6 000.37
02.694 1539 032.6 000.45
02.694 1539 032.6 000.53
02.694 1539 032.6 000.63
02.684 1539 032.6 000.71
02.684 1539 032.6 000.81
02.684 1539 032.6 000.90
02.684 1539 032.6 000.98
02.684 1539 032.6 001.12
02.684 1539 032.6 001.21
02.66 1539 032.6 001.29
02.66 1539 032.7 001.37
02.66 1539 032.7 001.46
02.66 1539 032.7 001.54
02.66 1539 032.7 001.64
02.66 1539 032.7 001.72
02.66 1539 032.7 001.82
02.684 1558 032.6 001.89
02.684 1558 032.6 001.98
02.684 1558 032.6 002.07
02.684 1558 032.6 002.17
02.684 1558 032.6 002.25
02.684 1558 032.6 002.33
02.684 1558 032.6 002.43
02.819 1539 032.4 002.51
02.819 1539 032.4 002.60
02.819 1539 032.4 002.68
02.819 1539 032.4 002.77
02.819 1539 032.4 002.86
02.819 1539 032.4 002.94
02.819 1539 032.4 003.04
02.833 1520 032.5 003.12
02.833 1520 032.5 003.20
02.833 1520 032.5 003.28
02.833 1520 032.5 003.36
02.833 1520 032.5 003.45
02.833 1520 032.5 003.53
02.833 1520 032.5 003.64
02.879 1539 032.1 003.73
02.879 1539 032.1 003.81
02.879 1539 032.1 003.91
02.879 1539 032.1 003.99
02.879 1539 032.1 004.07
02.879 1539 032.1 004.16
02.879 1539 032.1 004.24
02.911 1539 032.2 004.32
02.911 1539 032.2 004.41
02.911 1539 032.2 004.49
02.911 1539 032.2 004.58
02.911 1539 032.2 004.66
02.911 1539 032.2 004.75
02.911 1539 032.2 004.82
02.913 1539 032.3 004.91
02.913 1539 032.3 004.99
02.913 1539 032.3 005.08
02.913 1539 032.3 005.17
02.913 1539 032.3 005.25
02.913 1539 032.3 005.33
02.913 1539 032.3 005.41
02.905 1520 032.4 005.49
02.905 1520 032.4 005.57
02.905 1520 032.4 005.68
02.905 1520 032.4 005.77
02.905 1520 032.4 005.85
02.905 1520 032.4 005.93
02.905 1520 032.4 006.01
02.863 1539 032.2 006.09
02.863 1539 032.2 006.18
02.863 1539 032.2 006.26
02.863 1539 032.2 006.35
02.863 1539 032.2 006.44
02.863 1539 032.2 006.52
02.863 1539 032.2 006.60
02.947 1539 032.2 006.69
02.947 1539 032.2 006.77
02.947 1539 032.2 006.85
02.947 1539 032.2 006.94
02.947 1539 032.2 007.03
02.947 1539 032.2 007.12
02.947 1539 032.2 007.20
02.974 1539 032.2 007.28
02.974 1539 031.8 007.36
02.974 1539 031.8 007.44
02.974 1539 031.8 007.53
02.974 1539 031.8 007.61
02.974 1539 031.8 007.69
02.974 1539 031.8 007.78
02.974 1539 031.8 007.87
02.95 1520 032.0 007.96
02.95 1520 032.0 008.04
02.95 1520 032.0 008.12
02.95 1520 032.0 008.21
02.95 1520 032.0 008.30
02.95 1520 032.0 008.38
02.95 1520 032.0 008.47
02.982 1539 031.9 008.55
02.982 1539 031.9 008.63
02.982 1539 031.9 008.71
02.982 1539 031.9 008.81
02.982 1539 031.9 008.90
02.982 1539 031.9 008.98
03.013 1539 031.9 009.07
03.013 1539 031.9 009.15
03.013 1539 031.9 009.24
03.013 1539 031.9 009.32
03.013 1539 031.9 009.40
03.013 1539 031.9 009.49
03.013 1539 031.9 009.58
03.013 1539 031.9 009.66
03.01 1539 032.0 009.75
03.01 1539 032.0 009.83
03.01 1539 032.0 009.91
03.01 1539 032.0 009.99
03.01 1539 032.0 010.07
03.01 1539 032.0 010.16
03.01 1539 032.0 010.24
03.012 1520 032.0 010.32
03.012 1520 032.0 010.41
03.012 1520 032.0 010.49
03.012 1520 032.0 010.57
03.012 1520 032.0 010.66
03.012 1520 032.0 010.74
03.012 1520 032.0 010.83
02.921 1539 031.7 010.91
02.921 1539 031.7 011.00
02.921 1539 031.7 011.09
02.921 1539 031.7 011.17
02.921 1539 031.7 011.26
02.921 1539 031.7 011.36
02.921 1539 031.7 011.45
03.012 1539 031.8 011.53
03.012 1539 031.8 011.61
03.012 1539 031.8 011.69
03.012 1539 031.8 011.79
03.012 1539 031.8 011.88
03.012 1539 031.8 011.96
03.012 1539 031.8 012.05
03.099 1501 031.7 012.15
03.099 1501 031.7 012.23
03.099 1501 031.7 012.32
03.099 1501 031.7 012.40
03.099 1501 031.7 012.49
03.099 1501 031.7 012.58
03.099 1501 031.7 012.67
03.094 1558 031.7 012.75
03.094 1558 031.7 012.83
03.094 1558 031.7 012.91
03.094 1558 031.7 012.99
03.094 1558 031.7 013.07
03.094 1558 031.7 013.16
03.094 1558 031.7 013.25
03.138 1501 031.5 013.33
03.138 1501 031.5 013.42
03.138 1501 031.5 013.51
03.138 1501 031.5 013.59
03.138 1501 031.5 013.67
03.138 1501 031.5 013.77
03.138 1501 031.5 013.85
03.167 1539 031.4 013.94
03.167 1539 031.4 014.02
03.167 1539 031.4 014.10
03.167 1539 031.4 014.19
03.167 1539 031.4 014.29
03.167 1539 031.4 014.37
03.167 1539 031.4 014.47
03.208 1520 031.4 014.55
03.208 1520 031.4 014.63
03.208 1520 031.4 014.72
03.208 1520 031.4 014.80
03.208 1520 031.4 014.89
03.208 1520 031.4 014.98
03.208 1520 031.4 015.06
03.227 1520 031.4 015.15
03.227 1520 031.4 015.23
03.227 1520 031.4 015.32
03.227 1520 031.4 015.40
03.227 1520 031.4 015.50
03.227 1520 031.4 015.58
03.227 1520 031.4 015.68
03.297 1501 031.1 015.76
03.297 1501 031.1 015.85
03.297 1501 031.1 015.94
03.297 1501 031.1 016.04
03.297 1501 031.1 016.12
03.297 1501 031.1 016.20
03.297 1501 031.1 016.29
03.157 1520 031.3 016.39
03.157 1520 031.3 016.48
03.157 1520 031.3 016.57
03.157 1520 031.3 016.65
03.157 1520 031.3 016.73
03.157 1520 031.3 016.82
03.157 1520 031.3 016.90
03.18 1520 031.1 016.98
03.18 1520 031.1 017.06
03.18 1520 031.1 017.15
03.18 1520 031.1 017.24
03.18 1520 031.1 017.33
03.18 1520 031.1 017.41
03.18 1520 031.1 017.49
03.224 1539 031.0 017.58
03.224 1539 031.0 017.66
03.224 1539 031.0 017.75
03.224 1539 031.0 017.83
03.224 1539 031.0 017.91
03.224 1539 031.0 018.00
03.224 1539 031.0 018.08
03.161 1520 031.1 018.17
03.161 1520 031.1 018.25
03.161 1520 031.1 018.33
03.161 1520 031.1 018.42
03.161 1520 031.1 018.50
03.161 1520 031.1 018.59
03.161 1520 031.1 018.67
03.183 1520 031.1 018.75
03.183 1520 031.1 018.84
03.183 1520 031.1 018.92
03.183 1520 031.1 019.00
03.183 1520 031.1 019.09
03.183 1520 031.1 019.18
03.183 1520 031.1 019.26
03.29 1520 031.1 019.35
03.29 1520 031.1 019.43
03.29 1520 031.1 019.51
03.29 1520 031.1 019.59
03.29 1520 031.1 019.68
03.29 1520 031.1 019.76
03.29 1520 031.1 019.84
02.859 1539 031.1 019.93
02.859 1539 030.9 020.01
02.859 1539 030.9 020.10
02.859 1539 030.9 020.18
02.859 1539 030.9 020.27
02.859 1539 030.9 020.36
02.859 1539 030.9 020.44
02.415 1539 030.9 020.52
02.415 1539 030.9 020.60
02.415 1539 030.9 020.69
02.415 1539 030.9 020.77
02.415 1539 030.9 020.85
02.415 1539 030.9 020.93
02.415 1539 030.9 021.02
02.415 1539 030.9 021.10
02.313 1558 030.8 021.18
02.313 1558 030.8 021.27
02.313 1558 030.8 021.36
02.313 1558 030.8 021.44
02.313 1558 030.8 021.52
02.313 1558 030.8 021.61
02.313 1558 030.8 021.69
02.213 1558 030.5 021.77
02.213 1558 030.5 021.85
02.213 1558 030.5 021.93
02.213 1558 030.5 022.02
02.213 1558 030.5 022.10
02.213 1558 030.5 022.18
02.213 1558 030.5 022.27
02.061 1596 030.5 022.36
02.061 1596 030.5 022.44
02.061 1596 030.5 022.53
02.061 1596 030.5 022.61
02.061 1596 030.5 022.70
02.061 1596 030.5 022.79
02.061 1596 030.5 022.88
01.837 1615 030.8 022.97
01.837 1615 030.8 023.06
01.837 1615 030.8 023.15
01.837 1615 030.8 023.24
01.837 1615 030.8 023.33
01.837 1615 030.8 023.41
01.837 1615 030.8 023.50
01.529 1653 030.7 023.58
01.529 1653 030.7 023.67
01.529 1653 030.7 023.77
01.529 1653 030.7 023.85
01.529 1653 030.7 023.94
01.529 1653 030.7 024.02
01.529 1653 030.7 024.11
02.262 1691 030.5 024.20
02.262 1691 030.5 024.28
02.262 1691 030.5 024.37
02.262 1691 030.5 024.46
02.262 1691 030.5 024.55
02.262 1691 030.5 024.63
02.262 1691 030.5 024.72
02.255 1691 030.5 024.80
02.255 1691 030.5 024.89
02.255 1691 030.5 024.97
02.255 1691 030.5 025.07
02.255 1691 030.5 025.16
02.255 1691 030.5 025.25
02.255 1691 030.5 025.34
02.053 1691 030.7 025.45
02.053 1691 030.7 025.53
02.053 1691 030.7 025.62
02.053 1691 030.7 025.70
02.053 1691 030.7 025.78
02.053 1691 030.7 025.87
01.748 1710 030.5 025.98
01.748 1710 030.5 026.06
01.748 1710 030.5 026.15
01.748 1710 030.5 026.23
01.748 1710 030.5 026.32
01.748 1710 030.5 026.40
01.748 1710 030.5 026.48
01.584 1729 030.5 026.56
01.584 1729 030.5 026.65
01.584 1729 030.5 026.73
01.584 1729 030.5 026.81
01.584 1729 030.5 026.90
01.584 1729 030.5 026.99
01.584 1729 030.5 027.08
01.776 1729 030.5 027.17
01.776 1729 030.2 027.26
01.776 1729 030.2 027.35
01.776 1729 030.2 027.44
01.776 1729 030.2 027.53
01.776 1729 030.2 027.62
01.776 1729 030.2 027.70
02.294 1729 030.4 027.78
02.294 1729 030.4 027.86
02.294 1729 030.4 027.96
02.294 1729 030.4 028.05
02.294 1729 030.4 028.13
02.294 1729 030.4 028.22
02.294 1729 030.4 028.30
02.385 1691 030.1 028.38
02.385 1691 030.1 028.46
02.385 1691 030.1 028.54
02.385 1691 030.1 028.64
02.385 1691 030.1 028.72
02.385 1691 030.1 028.81
02.385 1691 030.1 028.89
02.206 1691 030.2 028.98
02.206 1691 030.2 029.06
02.206 1691 030.2 029.15
02.206 1691 030.2 029.25
02.206 1691 030.2 029.33
02.206 1691 030.2 029.42
02.206 1691 030.2 029.50
01.458 1710 030.5 029.58
01.458 1710 030.5 029.67
01.458 1710 030.5 029.75
01.458 1710 030.5 029.83
01.458 1710 030.5 029.91
01.458 1710 030.5 030.00
01.458 1710 030.5 030.09
01.776 1748 030.1 030.17
01.776 1748 030.1 030.26
01.776 1748 030.1 030.34
01.776 1748 030.1 030.42
01.776 1748 030.1 030.50
01.776 1748 030.1 030.59
01.776 1748 030.1 030.68
01.776 1748 030.1 030.76
02.31 1729 030.3 030.84
02.31 1729 030.3 030.92
02.31 1729 030.3 031.00
02.31 1729 030.3 031.08
02.31 1729 030.3 031.17
02.31 1729 030.3 031.25
02.428 1729 030.3 031.35
02.428 1691 030.5 031.43
02.428 1691 030.5 031.52
02.428 1691 030.5 031.62
02.428 1691 030.5 031.70
02.428 1691 030.5 031.79
02.428 1691 030.5 031.88
02.006 1691 030.5 031.96
02.006 1691 030.2 032.04
02.006 1691 030.2 032.13
02.006 1691 030.2 032.22
02.006 1691 030.2 032.30
02.006 1691 030.2 032.38
02.006 1691 030.2 032.47
01.46 1691 030.2 032.56
01.46 1748 030.4 032.65
01.46 1748 030.4 032.74
01.46 1748 030.4 032.82
01.46 1748 030.4 032.90
01.46 1748 030.4 033.00
01.46 1748 030.4 033.08
01.277 1767 030.4 033.17
01.277 1767 030.3 033.25
01.277 1767 030.3 033.34
01.277 1767 030.3 033.43
01.277 1767 030.3 033.51
01.277 1767 030.3 033.59
01.277 1767 030.3 033.68
02.104 1729 030.3 033.78
02.104 1729 030.3 033.88
02.104 1729 030.3 033.96
02.104 1729 030.3 034.04
02.104 1729 030.3 034.14
02.104 1729 030.3 034.22
02.104 1729 030.3 034.31
02.237 1710 030.1 034.39
02.237 1710 030.1 034.47
02.237 1710 030.1 034.55
02.237 1710 030.1 034.64
02.237 1710 030.1 034.72
02.237 1710 030.1 034.82
02.237 1710 030.1 034.90
02.135 1710 030.1 034.98
02.135 1710 029.9 035.06
02.135 1710 029.9 035.15
02.135 1710 029.9 035.23
02.135 1710 029.9 035.32
02.135 1710 029.9 035.40
02.135 1710 029.9 035.48
02.135 1710 029.9 035.56
01.889 1729 029.9 035.64
01.889 1729 029.9 035.72
01.889 1729 029.9 035.83
01.889 1729 029.9 035.91
01.889 1729 029.9 036.01
01.889 1729 029.9 036.09
