09.224 2603 113.7 000.04
09.224 2603 113.7 000.12
09.224 2603 113.7 000.21
09.224 2603 113.7 000.30
09.43 2603 113.7 000.39
09.43 2584 113.8 000.48
09.43 2584 113.8 000.57
09.43 2584 113.8 000.65
09.43 2584 113.8 000.73
09.43 2584 113.8 000.82
09.43 2584 113.8 000.92
09.331 2584 113.8 001.01
09.331 2622 113.7 001.09
09.331 2622 113.7 001.20
09.331 2622 113.7 001.32
09.331 2622 113.7 001.41
09.331 2622 113.7 001.50
09.331 2622 113.7 001.58
09.749 2565 113.4 001.66
09.749 2565 113.4 001.75
09.749 2565 113.4 001.83
09.749 2565 113.4 001.91
09.749 2565 113.4 002.00
09.749 2565 113.4 002.08
09.749 2565 113.4 002.17
09.986 2584 113.4 002.25
09.986 2584 113.4 002.34
09.986 2584 113.4 002.42
09.986 2584 113.4 002.50
09.986 2584 113.4 002.60
09.986 2584 113.4 002.68
09.986 2584 113.4 002.79
10.391 2546 113.0 002.88
10.391 2546 113.0 002.96
10.391 2546 113.0 003.04
10.391 2546 113.0 003.13
10.391 2546 113.0 003.21
10.391 2546 113.0 003.29
10.391 2546 113.0 003.37
09.945 2584 113.0 003.45
09.945 2584 113.0 003.53
09.945 2584 113.0 003.63
09.945 2584 113.0 003.71
09.945 2584 113.0 003.81
09.945 2584 113.0 003.89
09.945 2584 113.0 003.98
10.472 2565 112.8 004.06
10.472 2565 112.8 004.14
10.472 2565 112.8 004.23
10.472 2565 112.8 004.32
10.472 2565 112.8 004.40
10.472 2565 112.8 004.48
10.472 2565 112.8 004.57
10.261 2565 112.6 004.65
10.261 2565 112.6 004.73
10.261 2565 112.6 004.82
10.261 2565 112.6 004.91
10.261 2565 112.6 005.01
10.261 2565 112.6 005.10
10.261 2565 112.6 005.18
10.178 2546 112.5 005.28
10.178 2546 112.5 005.36
10.178 2546 112.5 005.44
10.178 2546 112.5 005.54
10.178 2546 112.5 005.63
10.178 2546 112.5 005.71
10.178 2546 112.5 005.80
10.344 2546 112.2 005.88
10.344 2546 112.2 005.96
10.344 2546 112.2 006.05
10.344 2546 112.2 006.13
10.344 2546 112.2 006.23
10.344 2546 112.2 006.31
10.344 2546 112.2 006.39
10.216 2527 112.1 006.48
10.216 2527 112.1 006.56
10.216 2527 112.1 006.64
10.216 2527 112.1 006.72
10.216 2527 112.1 006.81
10.216 2527 112.1 006.89
10.216 2527 112.1 006.97
10.838 2527 112.0 007.06
10.838 2527 112.0 007.14
10.838 2527 112.0 007.22
10.838 2527 112.0 007.30
10.838 2527 112.0 007.38
10.838 2527 112.0 007.47
10.838 2527 112.0 007.55
11.56 2508 112.1 007.63
11.56 2508 112.1 007.72
11.56 2508 112.1 007.80
11.56 2508 112.1 007.88
11.56 2508 112.1 007.96
11.56 2508 112.1 008.04
11.56 2508 112.1 008.12
11.56 2508 112.1 008.20
11.478 2508 111.9 008.29
11.478 2508 111.9 008.38
11.478 2508 111.9 008.48
11.478 2508 111.9 008.56
11.478 2508 111.9 008.65
11.478 2508 111.9 008.74
11.716 2546 111.9 008.83
11.716 2546 111.7 008.92
11.716 2546 111.7 009.00
11.716 2546 111.7 009.08
11.716 2546 111.7 009.16
11.716 2546 111.7 009.24
11.716 2546 111.7 009.32
11.716 2546 111.7 009.41
11.636 2451 111.6 009.49
11.636 2451 111.6 009.57
11.636 2451 111.6 009.65
11.636 2451 111.6 009.73
11.636 2451 111.6 009.82
11.636 2451 111.6 009.90
11.636 2451 111.6 010.00
10.477 2489 111.5 010.09
10.477 2489 111.5 010.18
10.477 2489 111.5 010.27
10.477 2489 111.5 010.35
10.477 2489 111.5 010.44
10.477 2489 111.5 010.52
10.477 2489 111.5 010.61
09.119 2584 111.2 010.69
09.119 2584 111.2 010.77
09.119 2584 111.2 010.85
09.119 2584 111.2 010.93
09.119 2584 111.2 011.03
09.119 2584 111.2 011.12
09.119 2584 111.2 011.20
08.362 2622 111.1 011.30
08.362 2622 111.1 011.39
08.362 2622 111.1 011.47
08.362 2622 111.1 011.56
08.362 2622 111.1 011.64
08.362 2622 111.1 011.73
08.362 2622 111.1 011.81
08.614 2622 110.7 011.89
08.614 2622 110.7 011.99
08.614 2622 110.7 012.07
08.614 2622 110.7 012.16
08.614 2622 110.7 012.24
08.614 2622 110.7 012.32
08.614 2622 110.7 012.40
09.046 2622 110.8 012.49
09.046 2622 110.8 012.57
09.046 2622 110.8 012.66
09.046 2622 110.8 012.74
09.046 2622 110.8 012.82
09.046 2622 110.8 012.91
09.046 2622 110.8 012.99
09.39 2622 110.5 013.08
09.39 2622 110.5 013.16
09.39 2622 110.5 013.26
09.39 2622 110.5 013.34
09.39 2622 110.5 013.42
09.39 2622 110.5 013.50
09.39 2622 110.5 013.59
09.012 2622 110.5 013.66
09.012 2622 110.5 013.75
09.012 2622 110.5 013.83
09.012 2622 110.5 013.94
09.012 2622 110.5 014.02
09.012 2622 110.5 014.10
09.012 2622 110.5 014.19
09.49 2603 110.5 014.27
