07.327 2793 -094.2 000.04
07.327 2793 -094.2 000.12
07.327 2793 -094.2 000.21
07.327 2793 -094.2 000.29
07.203 2793 -094.1 000.38
07.203 2793 -094.1 000.46
07.203 2793 -094.1 000.54
07.203 2793 -094.1 000.63
07.203 2793 -094.1 000.71
07.203 2793 -094.1 000.79
07.203 2793 -094.1 000.89
07.232 2793 -094.1 000.97
07.232 2793 -094.2 001.06
07.232 2793 -094.2 001.16
07.232 2793 -094.2 001.24
07.232 2793 -094.2 001.33
07.232 2793 -094.2 001.44
07.232 2793 -094.2 001.53
07.086 2850 -094.3 001.61
07.086 2850 -094.3 001.70
07.086 2850 -094.3 001.79
07.086 2850 -094.3 001.89
07.086 2850 -094.3 001.97
07.086 2850 -094.3 002.05
07.086 2850 -094.3 002.14
07.253 2831 -094.5 002.22
07.253 2831 -094.5 002.31
07.253 2831 -094.5 002.39
07.253 2831 -094.5 002.47
07.253 2831 -094.5 002.56
07.253 2831 -094.5 002.64
07.253 2831 -094.5 002.72
07.203 2793 -094.5 002.80
07.203 2793 -094.5 002.89
07.203 2793 -094.5 002.97
07.203 2793 -094.5 003.06
07.203 2793 -094.5 003.16
07.203 2793 -094.5 003.24
07.203 2793 -094.5 003.32
07.228 2831 -094.7 003.40
07.228 2831 -094.7 003.50
07.228 2831 -094.7 003.59
07.228 2831 -094.7 003.67
07.228 2831 -094.7 003.75
07.228 2831 -094.7 003.83
07.228 2831 -094.7 003.91
06.979 2812 -094.8 003.99
06.979 2812 -094.8 004.08
06.979 2812 -094.8 004.16
06.979 2812 -094.8 004.24
06.979 2812 -094.8 004.34
06.979 2812 -094.8 004.43
06.979 2812 -094.8 004.51
06.794 2812 -094.8 004.59
06.794 2812 -095.1 004.67
06.794 2812 -095.1 004.76
06.794 2812 -095.1 004.86
06.794 2812 -095.1 004.95
06.794 2812 -095.1 005.03
06.794 2812 -095.1 005.12
06.712 2831 -095.2 005.20
06.712 2831 -095.2 005.30
06.712 2831 -095.2 005.39
06.712 2831 -095.2 005.47
06.712 2831 -095.2 005.55
06.712 2831 -095.2 005.63
06.712 2831 -095.2 005.71
06.618 2812 -094.9 005.79
06.618 2812 -094.9 005.88
06.618 2812 -094.9 005.96
06.618 2812 -094.9 006.04
06.618 2812 -094.9 006.12
06.618 2812 -094.9 006.20
06.618 2812 -094.9 006.30
06.506 2831 -094.9 006.38
06.506 2831 -095.5 006.47
06.506 2831 -095.5 006.55
06.506 2831 -095.5 006.63
06.506 2831 -095.5 006.72
06.506 2831 -095.5 006.81
06.506 2831 -095.5 006.91
06.563 2888 -095.5 006.99
06.563 2888 -095.5 007.07
06.563 2888 -095.5 007.17
06.563 2888 -095.5 007.26
06.563 2888 -095.5 007.35
06.563 2888 -095.5 007.43
06.563 2888 -095.5 007.52
06.417 2831 -095.9 007.61
06.417 2831 -095.9 007.70
06.417 2831 -095.9 007.78
06.417 2831 -095.9 007.87
06.417 2831 -095.9 007.95
06.417 2831 -095.9 008.03
06.417 2831 -095.9 008.11
06.161 2831 -095.9 008.19
06.161 2831 -095.6 008.29
06.161 2831 -095.6 008.38
06.161 2831 -095.6 008.46
06.161 2831 -095.6 008.55
06.161 2831 -095.6 008.63
06.161 2831 -095.6 008.71
06.091 2850 -095.9 008.80
06.091 2850 -095.9 008.88
06.091 2850 -095.9 008.97
06.091 2850 -095.9 009.06
06.091 2850 -095.9 009.15
06.091 2850 -095.9 009.23
06.091 2850 -095.9 009.33
06.218 2831 -096.2 009.41
06.218 2831 -096.2 009.49
06.218 2831 -096.2 009.59
06.218 2831 -096.2 009.67
06.218 2831 -096.2 009.77
06.218 2831 -096.2 009.86
06.218 2831 -096.2 009.94
06.034 2831 -096.2 010.02
06.034 2831 -096.2 010.11
06.034 2831 -096.2 010.19
06.034 2831 -096.2 010.27
06.034 2831 -096.2 010.35
06.034 2831 -096.2 010.43
06.034 2831 -096.2 010.52
05.85 2831 -096.4 010.61
05.85 2831 -096.4 010.70
05.85 2831 -096.4 010.78
05.85 2831 -096.4 010.87
05.85 2831 -096.4 010.95
05.85 2831 -096.4 011.03
05.85 2831 -096.4 011.12
05.796 2831 -096.4 011.20
05.796 2850 -096.4 011.28
05.796 2850 -096.4 011.37
05.796 2850 -096.4 011.45
05.796 2850 -096.4 011.55
05.796 2850 -096.4 011.63
05.796 2850 -096.4 011.72
05.754 2831 -096.4 011.80
05.754 2831 -096.5 011.89
05.754 2831 -096.5 011.97
05.754 2831 -096.5 012.06
05.754 2831 -096.5 012.15
