01.084 1330 -023.3 000.03
01.084 1330 -023.3 000.11
01.084 1330 -023.3 000.20
01.084 1330 -023.3 000.28
01.084 1330 -023.3 000.37
01.084 1330 -023.3 000.45
01.142 1349 -023.2 000.53
01.142 1349 -023.2 000.63
01.142 1349 -023.2 000.72
01.142 1349 -023.2 000.80
01.142 1349 -023.2 000.88
01.142 1349 -023.2 000.97
01.142 1349 -023.2 001.05
01.144 1349 -023.4 001.14
01.144 1349 -023.4 001.23
01.144 1349 -023.4 001.33
01.144 1349 -023.4 001.43
01.144 1349 -023.4 001.56
01.056 1368 -023.4 001.65
01.056 1368 -023.3 001.73
01.056 1368 -023.3 001.81
01.056 1368 -023.3 001.89
01.056 1368 -023.3 001.98
01.056 1368 -023.3 002.06
01.056 1368 -023.3 002.15
01.056 1368 -023.3 002.23
01.05 1368 -023.7 002.32
01.05 1368 -023.7 002.40
01.05 1368 -023.7 002.50
01.05 1368 -023.7 002.58
01.05 1368 -023.7 002.66
01.05 1368 -023.7 002.75
01.05 1368 -023.7 002.84
01.064 1349 -023.5 002.93
01.064 1349 -023.5 003.03
01.064 1349 -023.5 003.11
01.064 1349 -023.5 003.19
01.064 1349 -023.5 003.27
01.064 1349 -023.5 003.35
01.055 1349 -023.5 003.45
01.055 1330 -023.7 003.54
01.055 1330 -023.7 003.62
01.055 1330 -023.7 003.71
01.055 1330 -023.7 003.79
01.055 1330 -023.7 003.88
01.055 1330 -023.7 003.97
01.055 1330 -023.7 004.04
01.128 1349 -023.6 004.12
01.128 1349 -023.6 004.20
01.128 1349 -023.6 004.28
01.128 1349 -023.6 004.37
01.128 1349 -023.6 004.46
01.128 1349 -023.6 004.54
01.128 1349 -023.6 004.62
01.085 1349 -023.7 004.72
01.085 1349 -023.7 004.81
01.085 1349 -023.7 004.89
01.085 1349 -023.7 004.97
01.085 1349 -023.7 005.06
01.085 1349 -023.7 005.15
01.043 1349 -023.7 005.25
01.043 1330 -023.9 005.34
01.043 1330 -023.9 005.43
01.043 1330 -023.9 005.52
01.043 1330 -023.9 005.60
01.043 1330 -023.9 005.69
01.043 1330 -023.9 005.77
01.043 1330 -023.9 005.85
01.03 1368 -023.7 005.94
01.03 1368 -023.7 006.04
01.03 1368 -023.7 006.12
01.03 1368 -023.7 006.22
01.03 1368 -023.7 006.30
01.03 1368 -023.7 006.39
01.129 1349 -023.8 006.49
01.129 1349 -023.8 006.57
01.129 1349 -023.8 006.66
01.129 1349 -023.8 006.74
01.129 1349 -023.8 006.82
01.129 1349 -023.8 006.90
01.129 1349 -023.8 007.00
01.196 1368 -023.7 007.08
01.196 1368 -023.7 007.16
01.196 1368 -023.7 007.26
01.196 1368 -023.7 007.35
01.196 1368 -023.7 007.45
01.196 1368 -023.7 007.53
01.196 1368 -023.7 007.61
01.179 1330 -023.7 007.69
01.179 1330 -023.7 007.77
01.179 1330 -023.7 007.85
01.179 1330 -023.7 007.95
01.179 1330 -023.7 008.03
01.179 1330 -023.7 008.11
01.179 1330 -023.7 008.20
01.411 1330 -023.7 008.28
01.411 1311 -023.7 008.38
01.411 1311 -023.7 008.46
01.411 1311 -023.7 008.56
01.411 1311 -023.7 008.64
01.411 1311 -023.7 008.72
01.411 1311 -023.7 008.80
01.468 1292 -023.9 008.89
01.468 1292 -023.9 008.97
01.468 1292 -023.9 009.07
01.468 1292 -023.9 009.15
01.468 1292 -023.9 009.23
01.468 1292 -023.9 009.32
01.468 1292 -023.9 009.40
01.377 1292 -023.6 009.50
01.377 1292 -023.6 009.59
01.377 1292 -023.6 009.68
01.377 1292 -023.6 009.77
01.377 1292 -023.6 009.85
01.377 1292 -023.6 009.93
01.377 1292 -023.6 010.02
01.398 1273 -024.0 010.10
01.398 1273 -024.0 010.18
01.398 1273 -024.0 010.27
01.398 1273 -024.0 010.35
01.398 1273 -024.0 010.43
01.398 1273 -024.0 010.51
01.398 1273 -024.0 010.59
01.477 1273 -024.0 010.68
01.477 1254 -023.7 010.76
01.477 1254 -023.7 010.84
01.477 1254 -023.7 010.93
01.477 1254 -023.7 011.01
01.477 1254 -023.7 011.11
01.477 1254 -023.7 011.19
01.576 1254 -023.7 011.27
01.576 1273 -023.9 011.37
01.576 1273 -023.9 011.46
01.576 1273 -023.9 011.54
01.576 1273 -023.9 011.62
01.576 1273 -023.9 011.72
01.576 1273 -023.9 011.81
01.442 1254 -023.8 011.89
01.442 1254 -023.8 011.97
01.442 1254 -023.8 012.06
01.442 1254 -023.8 012.14
01.442 1254 -023.8 012.22
01.442 1254 -023.8 012.31
01.442 1254 -023.8 012.41
01.654 1235 -023.8 012.49
01.654 1235 -023.9 012.57
01.654 1235 -023.9 012.67
01.654 1235 -023.9 012.77
01.654 1235 -023.9 012.85
01.654 1235 -023.9 012.94
01.654 1235 -023.9 013.03
01.654 1235 -024.0 013.11
01.654 1235 -024.0 013.19
01.654 1235 -024.0 013.27
01.654 1235 -024.0 013.36
01.654 1235 -024.0 013.45
01.654 1235 -024.0 013.53
01.654 1235 -024.0 013.62
01.571 1216 -024.0 013.72
01.571 1216 -024.0 013.80
01.571 1216 -024.0 013.88
01.571 1216 -024.0 013.99
01.571 1216 -024.0 014.06
01.571 1216 -024.0 014.15
01.571 1216 -024.0 014.23
03.515 1159 -024.3 014.32
03.515 1159 -024.3 014.40
03.515 1159 -024.3 014.48
03.515 1159 -024.3 014.56
03.515 1159 -024.3 014.64
03.515 1159 -024.3 014.73
03.515 1159 -024.3 014.81
03.993 1159 -024.3 014.90
03.993 1159 -024.3 014.98
03.993 1159 -024.3 015.06
03.993 1159 -024.3 015.16
03.993 1159 -024.3 015.25
03.993 1159 -024.3 015.35
03.993 1159 -024.3 015.44
02.031 1159 -024.4 015.52
02.031 1159 -024.4 015.60
02.031 1159 -024.4 015.68
02.031 1159 -024.4 015.78
02.031 1159 -024.4 015.87
02.031 1159 -024.4 015.95
02.031 1159 -024.4 016.05
02.171 1216 -024.4 016.13
02.171 1216 -024.4 016.24
02.171 1216 -024.4 016.32
02.171 1216 -024.4 016.40
02.171 1216 -024.4 016.50
02.171 1216 -024.4 016.59
02.171 1216 -024.4 016.67
01.422 1254 -024.5 016.75
01.422 1254 -024.5 016.84
01.422 1254 -024.5 016.92
01.422 1254 -024.5 017.02
01.422 1254 -024.5 017.11
01.422 1254 -024.5 017.20
01.422 1254 -024.5 017.28
01.505 1254 -024.5 017.36
01.505 1254 -024.5 017.46
01.505 1254 -024.5 017.55
01.505 1254 -024.5 017.63
01.505 1254 -024.5 017.71
01.505 1254 -024.5 017.80
01.505 1254 -024.5 017.89
01.277 1254 -024.6 017.97
01.277 1254 -024.6 018.06
01.277 1254 -024.6 018.15
01.277 1254 -024.6 018.23
01.277 1254 -024.6 018.32
01.277 1254 -024.6 018.40
01.277 1254 -024.6 018.48
01.458 1273 -024.8 018.57
01.458 1273 -024.8 018.65
01.458 1273 -024.8 018.75
01.458 1273 -024.8 018.84
01.458 1273 -024.8 018.92
01.458 1273 -024.8 019.00
01.458 1273 -024.8 019.09
01.567 1273 -024.7 019.19
01.567 1273 -024.7 019.27
01.567 1273 -024.7 019.35
01.567 1273 -024.7 019.43
01.567 1273 -024.7 019.54
01.567 1273 -024.7 019.63
01.32 1292 -024.9 019.72
01.32 1292 -024.9 019.80
01.32 1292 -024.9 019.88
01.32 1292 -024.9 019.96
01.32 1292 -024.9 020.06
01.32 1292 -024.9 020.14
01.32 1292 -024.9 020.22
01.511 1292 -024.9 020.30
01.511 1273 -024.9 020.39
01.511 1273 -024.9 020.48
01.511 1273 -024.9 020.56
01.511 1273 -024.9 020.65
01.511 1273 -024.9 020.73
01.511 1273 -024.9 020.81
01.511 1273 -024.9 020.89
01.534 1254 -024.9 020.99
01.534 1254 -024.9 021.08
01.534 1254 -024.9 021.16
01.534 1254 -024.9 021.26
01.534 1254 -024.9 021.34
01.534 1254 -024.9 021.42
01.38 1254 -024.9 021.51
01.38 1235 -024.9 021.59
01.38 1235 -024.9 021.68
01.38 1235 -024.9 021.75
01.38 1235 -024.9 021.84
01.38 1235 -024.9 021.92
01.38 1235 -024.9 022.00
01.38 1235 -024.9 022.08
01.644 1235 -025.1 022.17
01.644 1235 -025.1 022.26
01.644 1235 -025.1 022.34
01.644 1235 -025.1 022.43
01.644 1235 -025.1 022.51
01.644 1235 -025.1 022.59
01.644 1235 -025.1 022.68
01.461 1216 -025.1 022.76
01.461 1216 -025.1 022.85
01.461 1216 -025.1 022.93
01.461 1216 -025.1 023.02
01.461 1216 -025.1 023.10
01.461 1216 -025.1 023.20
01.461 1216 -025.1 023.28
01.51 1235 -024.8 023.36
01.51 1235 -024.8 023.46
01.51 1235 -024.8 023.56
01.51 1235 -024.8 023.64
01.51 1235 -024.8 023.73
01.51 1235 -024.8 023.81
01.51 1235 -024.8 023.90
01.518 1235 -025.2 023.99
01.518 1235 -025.2 024.07
